scf energy for ROHF: -115.00893006172544
 1 : -0.46426103878507136
	0.026 : (21, 24)
	0.971 : (22, 23)
 2 : -0.15256303221991935
	0.559 : (21, 23)
	0.437 : (22, 24)
 3 : -0.029848789184729496
	0.578 : (20, 23)
	0.419 : (22, 25)
 4 : 0.08689528255620083
	0.026 : (13, 24)
	0.021 : (15, 23)
	0.941 : (17, 23)
 5 : 0.09018883925565124
	0.439 : (21, 23)
	0.561 : (22, 24)
 6 : 0.10099461618580463
	0.024 : (12, 24)
	0.024 : (14, 23)
	0.942 : (16, 23)
 7 : 0.10394584362275605
	0.019 : (11, 23)
	0.038 : (15, 24)
	0.928 : (18, 23)
 8 : 0.11446931518453851
	0.017 : (10, 23)
	0.034 : (14, 24)
	0.940 : (19, 23)
 9 : 0.14908541697190458
	0.910 : (15, 23)
	0.019 : (17, 23)
	0.055 : (18, 24)
 10 : 0.16356549033630807
	0.913 : (14, 23)
	0.022 : (16, 23)
	0.050 : (19, 24)
 11 : 0.17067656796659236
	0.401 : (20, 23)
	0.558 : (22, 25)
 12 : 0.20638172165308455
	0.030 : (11, 23)
	0.846 : (13, 23)
	0.104 : (17, 24)
 13 : 0.22042181955478557
	0.018 : (10, 23)
	0.866 : (12, 23)
	0.098 : (16, 24)
 14 : 0.26279503633450485
	0.989 : (20, 25)
 15 : 0.2627950363345054
	0.494 : (20, 24)
	0.494 : (21, 25)
 16 : 0.2743097702548176
	0.017 : (6, 23)
	0.045 : (11, 23)
	0.011 : (13, 23)
	0.014 : (21, 30)
	0.015 : (21, 32)
	0.010 : (21, 36)
	0.575 : (22, 26)
	0.244 : (22, 29)
	0.054 : (22, 34)
 17 : 0.2832283008871954
	0.963 : (21, 24)
	0.027 : (22, 23)
 18 : 0.2981142540018441
	0.011 : (10, 23)
	0.018 : (21, 33)
	0.847 : (22, 27)
	0.030 : (22, 28)
	0.067 : (22, 35)
 19 : 0.3065627301570677
	0.118 : (8, 23)
	0.062 : (21, 29)
	0.788 : (22, 30)
 20 : 0.3121112863564868
	0.015 : (6, 23)
	0.141 : (11, 23)
	0.043 : (21, 30)
	0.279 : (22, 26)
	0.434 : (22, 29)
	0.049 : (22, 34)
	0.011 : (22, 39)
 21 : 0.3384479097192509
	0.012 : (7, 23)
	0.253 : (10, 23)
	0.012 : (14, 24)
	0.040 : (21, 31)
	0.035 : (22, 27)
	0.591 : (22, 28)
	0.018 : (22, 35)
 22 : 0.3459473305132309
	0.070 : (9, 23)
	0.042 : (21, 28)
	0.825 : (22, 31)
	0.036 : (22, 33)
 23 : 0.36521478180205313
	0.622 : (11, 23)
	0.037 : (13, 23)
	0.061 : (15, 24)
	0.039 : (17, 24)
	0.030 : (18, 23)
	0.011 : (21, 30)
	0.190 : (22, 29)
 24 : 0.3731441633317071
	0.040 : (8, 23)
	0.073 : (21, 26)
	0.014 : (21, 39)
	0.856 : (22, 32)
 25 : 0.3862367670178609
	0.539 : (10, 23)
	0.027 : (12, 23)
	0.059 : (14, 24)
	0.056 : (16, 24)
	0.024 : (19, 23)
	0.011 : (21, 31)
	0.262 : (22, 28)
 26 : 0.3912011806858382
	0.036 : (9, 23)
	0.063 : (21, 27)
	0.012 : (21, 28)
	0.012 : (21, 38)
	0.016 : (22, 31)
	0.851 : (22, 33)
 27 : 0.40103743021613536
	0.013 : (11, 23)
	0.016 : (17, 24)
	0.027 : (21, 32)
	0.027 : (21, 36)
	0.081 : (22, 26)
	0.746 : (22, 34)
	0.061 : (22, 39)
 28 : 0.41379841826721464
	0.011 : (10, 23)
	0.030 : (17, 25)
	0.021 : (21, 33)
	0.024 : (21, 37)
	0.066 : (22, 27)
	0.773 : (22, 35)
	0.051 : (22, 38)
 29 : 0.4414238946442992
	0.019 : (6, 24)
	0.650 : (8, 23)
	0.034 : (11, 24)
	0.057 : (18, 24)
	0.014 : (21, 34)
	0.139 : (22, 30)
	0.048 : (22, 32)
	0.025 : (22, 36)
 30 : 0.4504490429686971
	0.029 : (9, 25)
	0.194 : (14, 25)
	0.774 : (16, 25)
 31 : 0.4505278784438526
	0.465 : (20, 24)
	0.465 : (21, 25)
 32 : 0.4532804259851092
	0.073 : (12, 25)
	0.910 : (19, 25)
 33 : 0.4581770660197241
	0.022 : (12, 24)
	0.052 : (13, 25)
	0.013 : (14, 23)
	0.669 : (18, 25)
	0.200 : (19, 24)
 34 : 0.4631690134315275
	0.024 : (8, 25)
	0.013 : (10, 23)
	0.163 : (15, 25)
	0.016 : (16, 24)
	0.703 : (17, 25)
	0.020 : (22, 28)
	0.049 : (22, 35)
 35 : 0.4683057342537924
	0.068 : (8, 23)
	0.121 : (13, 24)
	0.035 : (15, 23)
	0.761 : (18, 24)
 36 : 0.47681972586456245
	0.056 : (6, 23)
	0.061 : (8, 24)
	0.053 : (11, 23)
	0.050 : (13, 23)
	0.148 : (15, 24)
	0.536 : (17, 24)
	0.038 : (22, 29)
	0.052 : (22, 34)
 37 : 0.4799525121206467
	0.041 : (9, 23)
	0.011 : (10, 24)
	0.045 : (12, 24)
	0.017 : (13, 25)
	0.025 : (14, 23)
	0.245 : (18, 25)
	0.588 : (19, 24)
 38 : 0.48729175065983144
	0.033 : (7, 23)
	0.053 : (9, 24)
	0.094 : (10, 23)
	0.046 : (12, 23)
	0.140 : (14, 24)
	0.011 : (15, 25)
	0.555 : (16, 24)
	0.040 : (17, 25)
	0.019 : (22, 28)
 39 : 0.4967246024096449
	0.011 : (7, 24)
	0.690 : (9, 23)
	0.045 : (12, 24)
	0.060 : (19, 24)
	0.015 : (21, 35)
	0.081 : (22, 31)
	0.022 : (22, 33)
	0.052 : (22, 37)
 40 : 0.5307777359245632
	0.032 : (8, 23)
	0.014 : (11, 24)
	0.021 : (18, 24)
	0.124 : (21, 26)
	0.013 : (21, 29)
	0.201 : (21, 34)
	0.012 : (21, 39)
	0.576 : (22, 36)
 41 : 0.5525987465351473
	0.076 : (9, 23)
	0.012 : (20, 34)
	0.137 : (21, 27)
	0.164 : (21, 35)
	0.010 : (21, 38)
	0.532 : (22, 37)
 42 : 0.5763574869602316
	0.791 : (14, 25)
	0.206 : (16, 25)
 43 : 0.5823404201162056
	0.014 : (14, 24)
	0.780 : (15, 25)
	0.195 : (17, 25)
 44 : 0.596759550749309
	0.151 : (6, 23)
	0.014 : (11, 23)
	0.033 : (17, 24)
	0.051 : (21, 30)
	0.102 : (21, 32)
	0.023 : (22, 26)
	0.034 : (22, 29)
	0.053 : (22, 34)
	0.527 : (22, 39)
 45 : 0.602749849995092
	0.193 : (6, 23)
	0.017 : (8, 24)
	0.025 : (13, 23)
	0.413 : (15, 24)
	0.247 : (17, 24)
	0.024 : (18, 23)
	0.064 : (22, 39)
 46 : 0.6069634275733921
	0.011 : (12, 23)
	0.234 : (14, 24)
	0.040 : (16, 24)
	0.031 : (21, 31)
	0.088 : (21, 33)
	0.019 : (22, 27)
	0.012 : (22, 28)
	0.034 : (22, 35)
	0.501 : (22, 38)
 47 : 0.6088917638905739
	0.086 : (7, 23)
	0.016 : (12, 23)
	0.390 : (14, 24)
	0.206 : (16, 24)
	0.016 : (19, 23)
	0.016 : (21, 31)
	0.033 : (21, 33)
	0.011 : (22, 28)
	0.018 : (22, 35)
	0.176 : (22, 38)
 48 : 0.610365242334713
	0.019 : (10, 26)
	0.020 : (10, 34)
	0.019 : (11, 27)
	0.020 : (11, 35)
	0.023 : (14, 30)
	0.023 : (15, 31)
	0.249 : (18, 27)
	0.064 : (18, 28)
	0.249 : (19, 26)
	0.056 : (19, 27)
	0.014 : (19, 28)
	0.064 : (19, 29)
 49 : 0.6103652423347132
	0.039 : (10, 27)
	0.040 : (10, 35)
	0.014 : (10, 38)
	0.018 : (12, 27)
	0.017 : (12, 35)
	0.017 : (12, 38)
	0.047 : (14, 31)
	0.011 : (16, 33)
	0.028 : (18, 27)
	0.028 : (19, 26)
	0.498 : (19, 27)
	0.128 : (19, 28)
	0.017 : (19, 35)
 50 : 0.6104096055153803
	0.043 : (11, 26)
	0.045 : (11, 34)
	0.016 : (11, 39)
	0.021 : (13, 26)
	0.019 : (13, 34)
	0.018 : (13, 39)
	0.052 : (15, 30)
	0.012 : (17, 32)
	0.553 : (18, 26)
	0.143 : (18, 29)
	0.020 : (18, 34)
 51 : 0.6125642106624837
	0.042 : (12, 25)
	0.015 : (19, 25)
	0.888 : (20, 27)
	0.019 : (20, 35)
	0.030 : (20, 38)
 52 : 0.6169449510339483
	0.459 : (6, 23)
	0.015 : (8, 24)
	0.047 : (11, 23)
	0.010 : (13, 23)
	0.313 : (15, 24)
	0.019 : (21, 32)
	0.115 : (22, 39)
 53 : 0.6192057386873132
	0.015 : (7, 25)
	0.782 : (12, 25)
	0.068 : (19, 25)
	0.074 : (20, 27)
	0.032 : (20, 28)
	0.027 : (20, 35)
 54 : 0.6221750833545397
	0.035 : (13, 25)
	0.872 : (20, 26)
	0.014 : (20, 39)
	0.025 : (21, 27)
	0.013 : (21, 35)
	0.011 : (22, 37)
 55 : 0.6278441595685239
	0.039 : (12, 24)
	0.801 : (13, 25)
	0.070 : (18, 25)
	0.033 : (20, 26)
	0.011 : (22, 37)
 56 : 0.6338571404423141
	0.015 : (9, 27)
	0.024 : (10, 33)
	0.051 : (12, 31)
	0.149 : (12, 33)
	0.037 : (14, 28)
	0.377 : (16, 27)
	0.211 : (16, 28)
	0.013 : (16, 38)
	0.053 : (19, 31)
	0.036 : (19, 33)
 57 : 0.6339322162942992
	0.012 : (10, 32)
	0.012 : (11, 33)
	0.026 : (12, 30)
	0.074 : (12, 32)
	0.026 : (13, 31)
	0.074 : (13, 33)
	0.019 : (14, 29)
	0.019 : (15, 28)
	0.187 : (16, 26)
	0.106 : (16, 29)
	0.187 : (17, 27)
	0.106 : (17, 28)
	0.028 : (18, 31)
	0.018 : (18, 33)
	0.028 : (19, 30)
	0.018 : (19, 32)
 58 : 0.6339808503086931
	0.015 : (8, 26)
	0.024 : (11, 32)
	0.052 : (13, 30)
	0.146 : (13, 32)
	0.040 : (15, 29)
	0.371 : (17, 26)
	0.213 : (17, 29)
	0.012 : (17, 39)
	0.058 : (18, 30)
	0.035 : (18, 32)
 59 : 0.6383727252348003
	0.012 : (6, 24)
	0.027 : (11, 24)
	0.669 : (21, 26)
	0.102 : (21, 29)
	0.098 : (21, 34)
	0.015 : (21, 39)
	0.041 : (22, 32)
	0.021 : (22, 36)
 60 : 0.6422148115054426
	0.756 : (7, 23)
	0.027 : (9, 24)
	0.016 : (10, 23)
	0.099 : (14, 24)
	0.011 : (22, 28)
	0.050 : (22, 38)
 61 : 0.6457305742032788
	0.028 : (9, 28)
	0.096 : (10, 31)
	0.019 : (12, 33)
	0.071 : (14, 27)
	0.226 : (14, 28)
	0.060 : (14, 35)
	0.020 : (14, 38)
	0.057 : (16, 27)
	0.328 : (19, 31)
	0.030 : (19, 33)
	0.014 : (19, 37)
 62 : 0.6457416613204225
	0.012 : (7, 24)
	0.021 : (10, 24)
	0.016 : (11, 25)
	0.027 : (12, 24)
	0.027 : (13, 25)
	0.042 : (20, 26)
	0.059 : (20, 29)
	0.076 : (20, 34)
	0.518 : (21, 27)
	0.076 : (21, 28)
	0.059 : (21, 35)
	0.027 : (22, 33)
 63 : 0.646042599433689
	0.014 : (8, 28)
	0.014 : (9, 29)
	0.048 : (10, 30)
	0.048 : (11, 31)
	0.010 : (13, 33)
	0.035 : (14, 26)
	0.112 : (14, 29)
	0.029 : (14, 34)
	0.010 : (14, 39)
	0.036 : (15, 27)
	0.112 : (15, 28)
	0.030 : (15, 35)
	0.010 : (15, 38)
	0.031 : (16, 26)
	0.031 : (17, 27)
	0.163 : (18, 31)
	0.015 : (18, 33)
	0.163 : (19, 30)
	0.015 : (19, 32)
 64 : 0.6462360180925206
	0.023 : (9, 33)
	0.029 : (10, 27)
	0.082 : (12, 27)
	0.111 : (12, 28)
	0.012 : (12, 38)
	0.103 : (14, 31)
	0.093 : (16, 31)
	0.016 : (16, 32)
	0.177 : (16, 33)
	0.016 : (17, 33)
	0.013 : (18, 28)
	0.036 : (19, 27)
	0.150 : (19, 28)
	0.013 : (19, 29)
 65 : 0.6462360180925207
	0.012 : (8, 33)
	0.012 : (9, 32)
	0.015 : (10, 26)
	0.015 : (11, 27)
	0.041 : (12, 26)
	0.014 : (12, 27)
	0.019 : (12, 28)
	0.056 : (12, 29)
	0.041 : (13, 27)
	0.056 : (13, 28)
	0.052 : (14, 30)
	0.018 : (14, 31)
	0.052 : (15, 31)
	0.047 : (16, 30)
	0.016 : (16, 31)
	0.088 : (16, 32)
	0.031 : (16, 33)
	0.047 : (17, 31)
	0.088 : (17, 33)
	0.018 : (18, 27)
	0.075 : (18, 28)
	0.018 : (19, 26)
	0.026 : (19, 28)
	0.075 : (19, 29)
 66 : 0.6462571310359596
	0.028 : (8, 29)
	0.096 : (11, 30)
	0.021 : (13, 32)
	0.071 : (15, 26)
	0.223 : (15, 29)
	0.058 : (15, 34)
	0.021 : (15, 39)
	0.064 : (17, 26)
	0.324 : (18, 30)
	0.031 : (18, 32)
	0.014 : (18, 36)
 67 : 0.6462832796577331
	0.027 : (8, 32)
	0.035 : (11, 26)
	0.094 : (13, 26)
	0.131 : (13, 29)
	0.014 : (13, 39)
	0.124 : (15, 30)
	0.110 : (17, 30)
	0.205 : (17, 32)
	0.043 : (18, 26)
	0.177 : (18, 29)
	0.012 : (18, 34)
 68 : 0.646680133734862
	0.013 : (8, 23)
	0.012 : (11, 24)
	0.801 : (13, 24)
	0.015 : (15, 23)
	0.029 : (17, 23)
	0.096 : (18, 24)
	0.013 : (22, 36)
 69 : 0.6469952971656482
	0.035 : (7, 25)
	0.125 : (10, 25)
	0.086 : (12, 25)
	0.384 : (20, 28)
	0.347 : (20, 35)
	0.016 : (20, 38)
 70 : 0.6519665173743344
	0.011 : (9, 23)
	0.019 : (10, 24)
	0.738 : (12, 24)
	0.042 : (13, 25)
	0.012 : (14, 23)
	0.022 : (16, 23)
	0.082 : (19, 24)
	0.040 : (21, 27)
 71 : 0.6634585118766113
	0.033 : (9, 31)
	0.030 : (10, 27)
	0.120 : (10, 28)
	0.197 : (12, 27)
	0.198 : (14, 31)
	0.017 : (14, 33)
	0.017 : (14, 37)
	0.114 : (16, 33)
	0.021 : (19, 28)
	0.161 : (19, 35)
	0.053 : (19, 38)
 72 : 0.6634585118766119
	0.016 : (8, 31)
	0.016 : (9, 30)
	0.015 : (10, 26)
	0.060 : (10, 29)
	0.015 : (11, 27)
	0.060 : (11, 28)
	0.099 : (12, 26)
	0.099 : (13, 27)
	0.099 : (14, 30)
	0.099 : (15, 31)
	0.057 : (16, 32)
	0.057 : (17, 33)
	0.010 : (18, 28)
	0.080 : (18, 35)
	0.026 : (18, 38)
	0.010 : (19, 29)
	0.080 : (19, 34)
	0.026 : (19, 39)
 73 : 0.6639935824951498
	0.033 : (8, 30)
	0.029 : (11, 26)
	0.121 : (11, 29)
	0.201 : (13, 26)
	0.197 : (15, 30)
	0.017 : (15, 32)
	0.017 : (15, 36)
	0.118 : (17, 32)
	0.020 : (18, 29)
	0.160 : (18, 34)
	0.053 : (18, 39)
 74 : 0.680680040336464
	0.017 : (6, 25)
	0.046 : (10, 24)
	0.081 : (11, 25)
	0.023 : (12, 24)
	0.212 : (20, 29)
	0.170 : (20, 34)
	0.160 : (21, 27)
	0.035 : (21, 28)
	0.020 : (21, 38)
	0.012 : (22, 33)
	0.191 : (22, 37)
 75 : 0.6906139882583945
	0.776 : (20, 31)
	0.133 : (20, 33)
	0.076 : (20, 37)
 76 : 0.6991011899139582
	0.038 : (6, 24)
	0.227 : (11, 24)
	0.089 : (21, 26)
	0.263 : (21, 29)
	0.077 : (21, 34)
	0.035 : (21, 39)
	0.017 : (22, 30)
	0.232 : (22, 36)
 77 : 0.70732219149054
	0.020 : (7, 23)
	0.695 : (20, 30)
	0.143 : (20, 32)
	0.060 : (20, 36)
	0.040 : (21, 31)
	0.025 : (22, 38)
 78 : 0.7170539971143187
	0.013 : (7, 25)
	0.779 : (10, 25)
	0.193 : (20, 28)
 79 : 0.7289539320534203
	0.016 : (7, 24)
	0.021 : (9, 23)
	0.233 : (10, 24)
	0.357 : (11, 25)
	0.308 : (20, 29)
	0.028 : (20, 34)
 80 : 0.7330598962025922
	0.015 : (6, 23)
	0.713 : (21, 30)
	0.041 : (21, 32)
	0.082 : (21, 36)
	0.030 : (22, 29)
	0.118 : (22, 39)
 81 : 0.7411544540612344
	0.051 : (20, 30)
	0.023 : (20, 32)
	0.695 : (21, 31)
	0.047 : (21, 33)
	0.066 : (21, 37)
	0.019 : (22, 28)
	0.089 : (22, 38)
 82 : 0.7417611780885434
	0.125 : (11, 25)
	0.057 : (20, 29)
	0.060 : (20, 34)
	0.526 : (21, 28)
	0.112 : (21, 35)
	0.017 : (21, 38)
	0.017 : (22, 31)
	0.057 : (22, 37)
 83 : 0.7451783419412633
	0.030 : (6, 24)
	0.032 : (8, 23)
	0.593 : (11, 24)
	0.015 : (13, 24)
	0.246 : (21, 29)
	0.030 : (21, 34)
	0.015 : (22, 30)
	0.015 : (22, 36)
 84 : 0.7602790681058137
	0.035 : (9, 27)
	0.021 : (12, 33)
	0.373 : (14, 27)
	0.038 : (14, 28)
	0.045 : (14, 35)
	0.189 : (16, 27)
	0.108 : (16, 35)
	0.044 : (16, 38)
	0.024 : (19, 31)
	0.050 : (19, 33)
	0.023 : (19, 37)
 85 : 0.7606334107453205
	0.018 : (8, 27)
	0.018 : (9, 26)
	0.010 : (13, 33)
	0.189 : (14, 26)
	0.018 : (14, 29)
	0.021 : (14, 34)
	0.189 : (15, 27)
	0.018 : (15, 28)
	0.021 : (15, 35)
	0.097 : (16, 26)
	0.051 : (16, 34)
	0.021 : (16, 39)
	0.097 : (17, 27)
	0.052 : (17, 35)
	0.021 : (17, 38)
	0.011 : (18, 31)
	0.026 : (18, 33)
	0.011 : (18, 37)
	0.011 : (19, 30)
	0.026 : (19, 32)
	0.011 : (19, 36)
 86 : 0.7608818678701287
	0.035 : (8, 26)
	0.020 : (13, 32)
	0.382 : (15, 26)
	0.035 : (15, 29)
	0.040 : (15, 34)
	0.198 : (17, 26)
	0.099 : (17, 34)
	0.042 : (17, 39)
	0.022 : (18, 30)
	0.053 : (18, 32)
	0.022 : (18, 36)
 87 : 0.7629287529997387
	0.014 : (7, 35)
	0.012 : (9, 37)
	0.080 : (12, 28)
	0.017 : (12, 35)
	0.014 : (12, 38)
	0.053 : (14, 31)
	0.046 : (14, 37)
	0.284 : (16, 31)
	0.016 : (16, 33)
	0.042 : (16, 37)
	0.075 : (19, 27)
	0.121 : (19, 28)
	0.156 : (19, 35)
	0.016 : (19, 38)
 88 : 0.76292875299974
	0.040 : (12, 29)
	0.040 : (13, 28)
	0.027 : (14, 30)
	0.023 : (14, 36)
	0.027 : (15, 31)
	0.023 : (15, 37)
	0.142 : (16, 30)
	0.021 : (16, 36)
	0.142 : (17, 31)
	0.021 : (17, 37)
	0.038 : (18, 27)
	0.060 : (18, 28)
	0.078 : (18, 35)
	0.038 : (19, 26)
	0.060 : (19, 29)
	0.078 : (19, 34)
 89 : 0.7629792924811372
	0.014 : (6, 34)
	0.012 : (8, 36)
	0.080 : (13, 29)
	0.017 : (13, 34)
	0.014 : (13, 39)
	0.053 : (15, 30)
	0.046 : (15, 36)
	0.285 : (17, 30)
	0.016 : (17, 32)
	0.042 : (17, 36)
	0.076 : (18, 26)
	0.121 : (18, 29)
	0.157 : (18, 34)
	0.016 : (18, 39)
 90 : 0.7729895420162424
	0.013 : (7, 24)
	0.419 : (10, 24)
	0.106 : (11, 25)
	0.171 : (20, 29)
	0.246 : (20, 34)
	0.022 : (21, 28)
 91 : 0.77538175450854
	0.057 : (10, 25)
	0.364 : (20, 28)
	0.568 : (20, 35)
 92 : 0.7761989841939083
	0.011 : (7, 31)
	0.011 : (9, 28)
	0.017 : (9, 35)
	0.074 : (12, 31)
	0.017 : (12, 33)
	0.013 : (14, 27)
	0.038 : (14, 28)
	0.090 : (14, 35)
	0.161 : (16, 27)
	0.351 : (16, 28)
	0.099 : (16, 35)
	0.021 : (16, 38)
	0.023 : (19, 31)
	0.016 : (19, 33)
	0.025 : (19, 37)
 93 : 0.7765356146462163
	0.037 : (12, 30)
	0.036 : (13, 31)
	0.020 : (14, 29)
	0.046 : (14, 34)
	0.020 : (15, 28)
	0.047 : (15, 35)
	0.080 : (16, 26)
	0.175 : (16, 29)
	0.051 : (16, 34)
	0.011 : (16, 39)
	0.075 : (17, 27)
	0.175 : (17, 28)
	0.052 : (17, 35)
	0.012 : (17, 38)
	0.012 : (18, 31)
	0.013 : (18, 37)
	0.012 : (19, 30)
	0.013 : (19, 36)
 94 : 0.7767926364777799
	0.011 : (6, 30)
	0.011 : (8, 29)
	0.018 : (8, 34)
	0.073 : (13, 30)
	0.019 : (13, 32)
	0.041 : (15, 29)
	0.095 : (15, 34)
	0.151 : (17, 26)
	0.348 : (17, 29)
	0.106 : (17, 34)
	0.024 : (17, 39)
	0.024 : (18, 30)
	0.014 : (18, 32)
	0.027 : (18, 36)
 95 : 0.7822755270254867
	0.062 : (14, 26)
	0.062 : (15, 27)
	0.377 : (16, 26)
	0.015 : (16, 34)
	0.382 : (17, 27)
	0.014 : (17, 35)
	0.010 : (18, 33)
	0.010 : (19, 32)
 96 : 0.7928989762570949
	0.110 : (10, 24)
	0.226 : (11, 25)
	0.145 : (20, 29)
	0.311 : (20, 34)
	0.089 : (21, 28)
	0.065 : (21, 35)
	0.013 : (22, 31)
	0.017 : (22, 37)
 97 : 0.795174943457123
	0.020 : (9, 25)
	0.142 : (20, 31)
	0.835 : (20, 33)
 98 : 0.802558548077663
	0.012 : (12, 29)
	0.012 : (13, 28)
	0.033 : (14, 32)
	0.033 : (15, 33)
	0.024 : (16, 30)
	0.024 : (17, 31)
	0.406 : (18, 27)
	0.406 : (19, 26)
 99 : 0.8033785965015341
	0.011 : (8, 25)
	0.177 : (20, 30)
	0.795 : (20, 32)
 100 : 0.8145097648807372
	0.030 : (10, 26)
	0.030 : (11, 27)
	0.017 : (12, 26)
	0.017 : (13, 27)
	0.031 : (14, 32)
	0.031 : (15, 33)
	0.111 : (16, 30)
	0.097 : (16, 32)
	0.111 : (17, 31)
	0.097 : (17, 33)
	0.059 : (18, 27)
	0.046 : (18, 28)
	0.068 : (18, 35)
	0.059 : (19, 26)
	0.046 : (19, 29)
	0.068 : (19, 34)
 101 : 0.8145097648807387
	0.016 : (7, 27)
	0.060 : (10, 27)
	0.035 : (12, 27)
	0.013 : (12, 35)
	0.016 : (14, 31)
	0.061 : (14, 33)
	0.222 : (16, 31)
	0.194 : (16, 33)
	0.119 : (19, 27)
	0.092 : (19, 28)
	0.135 : (19, 35)
 102 : 0.8145137308178464
	0.017 : (6, 26)
	0.060 : (11, 26)
	0.035 : (13, 26)
	0.013 : (13, 34)
	0.016 : (15, 30)
	0.061 : (15, 32)
	0.223 : (17, 30)
	0.194 : (17, 32)
	0.119 : (18, 26)
	0.092 : (18, 29)
	0.136 : (18, 34)
 103 : 0.8167368984385327
	0.020 : (11, 24)
	0.287 : (21, 29)
	0.546 : (21, 34)
	0.025 : (22, 30)
	0.108 : (22, 36)
 104 : 0.8280444908051542
	0.012 : (10, 30)
	0.011 : (11, 31)
	0.113 : (14, 29)
	0.011 : (15, 27)
	0.111 : (15, 28)
	0.078 : (16, 29)
	0.021 : (16, 34)
	0.075 : (17, 28)
	0.023 : (17, 35)
	0.213 : (18, 31)
	0.018 : (18, 33)
	0.215 : (19, 30)
	0.017 : (19, 32)
 105 : 0.8303572519924612
	0.072 : (10, 24)
	0.031 : (11, 25)
	0.065 : (20, 34)
	0.164 : (21, 28)
	0.536 : (21, 35)
	0.096 : (22, 37)
 106 : 0.8361825719584957
	0.012 : (9, 28)
	0.026 : (10, 31)
	0.027 : (10, 33)
	0.048 : (12, 31)
	0.019 : (12, 37)
	0.170 : (14, 27)
	0.044 : (14, 28)
	0.057 : (14, 35)
	0.011 : (14, 38)
	0.025 : (16, 27)
	0.121 : (16, 28)
	0.274 : (16, 35)
	0.012 : (19, 31)
	0.136 : (19, 33)
 107 : 0.8362953912191643
	0.012 : (10, 30)
	0.013 : (10, 32)
	0.013 : (11, 31)
	0.014 : (11, 33)
	0.024 : (12, 30)
	0.024 : (13, 31)
	0.084 : (14, 26)
	0.020 : (14, 29)
	0.028 : (14, 34)
	0.084 : (15, 27)
	0.023 : (15, 28)
	0.029 : (15, 35)
	0.012 : (16, 26)
	0.061 : (16, 29)
	0.139 : (16, 34)
	0.012 : (17, 27)
	0.059 : (17, 28)
	0.138 : (17, 35)
	0.068 : (18, 33)
	0.068 : (19, 32)
 108 : 0.836382916171541
	0.012 : (8, 29)
	0.025 : (11, 30)
	0.027 : (11, 32)
	0.048 : (13, 30)
	0.019 : (13, 36)
	0.168 : (15, 26)
	0.043 : (15, 29)
	0.058 : (15, 34)
	0.011 : (15, 39)
	0.024 : (17, 26)
	0.120 : (17, 29)
	0.279 : (17, 34)
	0.012 : (18, 30)
	0.135 : (18, 32)
 109 : 0.8394796125318769
	0.109 : (21, 30)
	0.750 : (21, 32)
	0.011 : (22, 26)
	0.020 : (22, 29)
	0.094 : (22, 39)
 110 : 0.8399293005117817
	0.047 : (12, 30)
	0.048 : (13, 31)
	0.029 : (14, 26)
	0.033 : (14, 29)
	0.028 : (15, 27)
	0.032 : (15, 28)
	0.014 : (16, 26)
	0.245 : (16, 29)
	0.014 : (17, 27)
	0.249 : (17, 28)
	0.095 : (18, 31)
	0.017 : (18, 33)
	0.096 : (19, 30)
	0.018 : (19, 32)
 111 : 0.8421413524540767
	0.114 : (21, 31)
	0.746 : (21, 33)
	0.016 : (22, 28)
	0.089 : (22, 38)
 112 : 0.8484162146115507
	0.059 : (14, 30)
	0.059 : (15, 31)
	0.353 : (18, 28)
	0.052 : (18, 35)
	0.353 : (19, 29)
	0.052 : (19, 34)
 113 : 0.8566963760280987
	0.075 : (12, 29)
	0.075 : (13, 28)
	0.359 : (16, 30)
	0.359 : (17, 31)
	0.042 : (18, 27)
	0.042 : (19, 26)
 114 : 0.8598508619364028
	0.026 : (10, 27)
	0.017 : (10, 28)
	0.033 : (10, 35)
	0.114 : (12, 27)
	0.030 : (12, 28)
	0.065 : (12, 35)
	0.233 : (14, 33)
	0.024 : (14, 37)
	0.119 : (16, 31)
	0.025 : (16, 33)
	0.062 : (16, 37)
	0.031 : (19, 27)
	0.024 : (19, 28)
	0.102 : (19, 35)
	0.066 : (19, 38)
 115 : 0.8598508619364043
	0.013 : (10, 26)
	0.016 : (10, 34)
	0.013 : (11, 27)
	0.016 : (11, 35)
	0.057 : (12, 26)
	0.015 : (12, 29)
	0.033 : (12, 34)
	0.057 : (13, 27)
	0.015 : (13, 28)
	0.033 : (13, 35)
	0.117 : (14, 32)
	0.012 : (14, 36)
	0.117 : (15, 33)
	0.012 : (15, 37)
	0.059 : (16, 30)
	0.012 : (16, 32)
	0.031 : (16, 36)
	0.059 : (17, 31)
	0.012 : (17, 33)
	0.031 : (17, 37)
	0.016 : (18, 27)
	0.012 : (18, 28)
	0.051 : (18, 35)
	0.033 : (18, 38)
	0.016 : (19, 26)
	0.012 : (19, 29)
	0.051 : (19, 34)
	0.033 : (19, 39)
 116 : 0.8598858278554519
	0.026 : (11, 26)
	0.017 : (11, 29)
	0.033 : (11, 34)
	0.114 : (13, 26)
	0.030 : (13, 29)
	0.065 : (13, 34)
	0.234 : (15, 32)
	0.024 : (15, 36)
	0.119 : (17, 30)
	0.025 : (17, 32)
	0.062 : (17, 36)
	0.031 : (18, 26)
	0.024 : (18, 29)
	0.102 : (18, 34)
	0.066 : (18, 39)
 117 : 0.8647543972836512
	0.182 : (14, 26)
	0.026 : (14, 29)
	0.182 : (15, 27)
	0.026 : (15, 28)
	0.048 : (16, 26)
	0.082 : (16, 29)
	0.048 : (17, 27)
	0.083 : (17, 28)
	0.130 : (18, 33)
	0.129 : (19, 32)
 118 : 0.8683014590981363
	0.926 : (9, 25)
	0.013 : (14, 25)
	0.016 : (16, 25)
	0.032 : (20, 31)
 119 : 0.880545646360566
	0.018 : (10, 31)
	0.055 : (12, 31)
	0.012 : (12, 33)
	0.034 : (14, 27)
	0.078 : (14, 28)
	0.012 : (14, 35)
	0.018 : (14, 38)
	0.017 : (16, 28)
	0.170 : (16, 35)
	0.186 : (19, 31)
	0.265 : (19, 33)
	0.114 : (19, 37)
 120 : 0.8805749660466313
	0.028 : (12, 30)
	0.028 : (13, 31)
	0.017 : (14, 26)
	0.039 : (14, 29)
	0.017 : (15, 27)
	0.039 : (15, 28)
	0.084 : (16, 34)
	0.085 : (17, 35)
	0.093 : (18, 31)
	0.132 : (18, 33)
	0.057 : (18, 37)
	0.093 : (19, 30)
	0.133 : (19, 32)
	0.057 : (19, 36)
 121 : 0.8805983427690789
	0.018 : (11, 30)
	0.055 : (13, 30)
	0.012 : (13, 32)
	0.034 : (15, 26)
	0.078 : (15, 29)
	0.013 : (15, 34)
	0.018 : (15, 39)
	0.017 : (17, 29)
	0.168 : (17, 34)
	0.186 : (18, 30)
	0.266 : (18, 32)
	0.114 : (18, 36)
 122 : 0.8871086607235957
	0.035 : (7, 23)
	0.756 : (8, 25)
	0.146 : (9, 24)
	0.011 : (15, 25)
	0.012 : (17, 25)
	0.016 : (20, 30)
 123 : 0.901176357477646
	0.034 : (12, 30)
	0.034 : (13, 31)
	0.042 : (14, 26)
	0.028 : (14, 29)
	0.042 : (15, 27)
	0.028 : (15, 28)
	0.265 : (16, 34)
	0.264 : (17, 35)
	0.049 : (18, 31)
	0.043 : (18, 33)
	0.012 : (18, 37)
	0.049 : (19, 30)
	0.043 : (19, 32)
	0.012 : (19, 36)
 124 : 0.9080546110978874
	0.078 : (6, 23)
	0.862 : (8, 24)
	0.016 : (11, 23)
	0.011 : (15, 24)
	0.015 : (17, 24)
 125 : 0.9132921770874306
	0.018 : (10, 26)
	0.018 : (11, 27)
	0.082 : (12, 26)
	0.024 : (12, 29)
	0.025 : (12, 34)
	0.082 : (13, 27)
	0.024 : (13, 28)
	0.025 : (13, 35)
	0.077 : (14, 30)
	0.077 : (15, 31)
	0.095 : (16, 32)
	0.095 : (17, 33)
	0.137 : (18, 35)
	0.137 : (19, 34)
 126 : 0.9202764551272965
	0.015 : (9, 25)
	0.048 : (20, 31)
	0.026 : (20, 33)
	0.911 : (20, 37)
 127 : 0.9221914029308454
	0.031 : (7, 23)
	0.187 : (8, 25)
	0.720 : (9, 24)
	0.010 : (14, 24)
	0.011 : (16, 24)
	0.010 : (20, 36)
 128 : 0.9271913910587387
	0.026 : (9, 24)
	0.038 : (20, 30)
	0.021 : (20, 32)
	0.813 : (20, 36)
	0.081 : (21, 37)
 129 : 0.9279717032105768
	0.053 : (10, 27)
	0.111 : (12, 27)
	0.206 : (12, 35)
	0.019 : (12, 38)
	0.031 : (14, 31)
	0.119 : (14, 33)
	0.011 : (14, 37)
	0.061 : (16, 33)
	0.123 : (16, 37)
	0.012 : (19, 28)
	0.152 : (19, 35)
	0.030 : (19, 38)
 130 : 0.9279717032105775
	0.026 : (10, 26)
	0.026 : (11, 27)
	0.055 : (12, 26)
	0.103 : (12, 34)
	0.055 : (13, 27)
	0.103 : (13, 35)
	0.016 : (14, 30)
	0.060 : (14, 32)
	0.016 : (15, 31)
	0.060 : (15, 33)
	0.030 : (16, 32)
	0.062 : (16, 36)
	0.030 : (17, 33)
	0.062 : (17, 37)
	0.076 : (18, 35)
	0.015 : (18, 38)
	0.076 : (19, 34)
	0.015 : (19, 39)
 131 : 0.9279843325350038
	0.055 : (11, 26)
	0.115 : (13, 26)
	0.213 : (13, 34)
	0.020 : (13, 39)
	0.032 : (15, 30)
	0.123 : (15, 32)
	0.011 : (15, 36)
	0.063 : (17, 32)
	0.128 : (17, 36)
	0.012 : (18, 29)
	0.157 : (18, 34)
	0.031 : (18, 39)
 132 : 0.9305598309706701
	0.038 : (10, 26)
	0.038 : (11, 27)
	0.032 : (12, 26)
	0.032 : (13, 27)
	0.128 : (14, 32)
	0.128 : (15, 33)
	0.012 : (16, 30)
	0.024 : (16, 32)
	0.025 : (16, 36)
	0.012 : (17, 31)
	0.024 : (17, 33)
	0.025 : (17, 37)
	0.021 : (18, 27)
	0.162 : (18, 35)
	0.031 : (18, 38)
	0.021 : (19, 26)
	0.162 : (19, 34)
	0.031 : (19, 39)
 133 : 0.935910645960884
	0.014 : (10, 31)
	0.080 : (12, 31)
	0.094 : (12, 33)
	0.039 : (12, 37)
	0.138 : (14, 28)
	0.345 : (14, 35)
	0.016 : (14, 38)
	0.010 : (16, 28)
	0.064 : (16, 35)
	0.075 : (16, 38)
	0.041 : (19, 31)
	0.023 : (19, 33)
	0.019 : (19, 37)
 134 : 0.9359237041055057
	0.040 : (12, 30)
	0.047 : (12, 32)
	0.020 : (12, 36)
	0.040 : (13, 31)
	0.047 : (13, 33)
	0.020 : (13, 37)
	0.069 : (14, 29)
	0.172 : (14, 34)
	0.069 : (15, 28)
	0.173 : (15, 35)
	0.032 : (16, 34)
	0.038 : (16, 39)
	0.032 : (17, 35)
	0.038 : (17, 38)
	0.020 : (18, 31)
	0.012 : (18, 33)
	0.020 : (19, 30)
	0.011 : (19, 32)
 135 : 0.9359341088613633
	0.013 : (11, 30)
	0.080 : (13, 30)
	0.095 : (13, 32)
	0.039 : (13, 36)
	0.138 : (15, 29)
	0.345 : (15, 34)
	0.016 : (15, 39)
	0.010 : (17, 29)
	0.065 : (17, 34)
	0.075 : (17, 39)
	0.041 : (18, 30)
	0.023 : (18, 32)
	0.019 : (18, 36)
 136 : 0.937251876695293
	0.063 : (7, 25)
	0.021 : (20, 27)
	0.014 : (20, 28)
	0.030 : (20, 35)
	0.867 : (20, 38)
 137 : 0.9431578720993578
	0.054 : (21, 30)
	0.033 : (21, 32)
	0.861 : (21, 36)
	0.032 : (22, 34)
 138 : 0.9440152466448859
	0.021 : (6, 25)
	0.013 : (7, 24)
	0.017 : (20, 26)
	0.019 : (20, 34)
	0.772 : (20, 39)
	0.124 : (21, 38)
 139 : 0.952488157606432
	0.102 : (20, 36)
	0.038 : (21, 31)
	0.025 : (21, 33)
	0.793 : (21, 37)
	0.024 : (22, 35)
 140 : 0.9566478310929484
	0.041 : (6, 24)
	0.032 : (21, 26)
	0.012 : (21, 29)
	0.026 : (21, 34)
	0.848 : (21, 39)
	0.029 : (22, 32)
 141 : 0.9633549169218372
	0.864 : (7, 25)
	0.031 : (10, 25)
	0.081 : (20, 38)
 142 : 0.9646163578129333
	0.024 : (12, 30)
	0.024 : (13, 31)
	0.087 : (14, 26)
	0.027 : (14, 29)
	0.103 : (14, 34)
	0.025 : (14, 39)
	0.086 : (15, 27)
	0.026 : (15, 28)
	0.103 : (15, 35)
	0.025 : (15, 38)
	0.035 : (18, 31)
	0.157 : (18, 33)
	0.036 : (19, 30)
	0.159 : (19, 32)
 143 : 0.9650047278971852
	0.141 : (10, 27)
	0.012 : (10, 28)
	0.013 : (10, 35)
	0.028 : (12, 27)
	0.084 : (12, 28)
	0.013 : (12, 38)
	0.237 : (14, 31)
	0.032 : (14, 33)
	0.065 : (14, 37)
	0.021 : (16, 33)
	0.085 : (16, 37)
	0.212 : (19, 28)
	0.030 : (19, 38)
 144 : 0.9650047278971867
	0.071 : (10, 26)
	0.071 : (11, 27)
	0.014 : (12, 26)
	0.042 : (12, 29)
	0.014 : (13, 27)
	0.042 : (13, 28)
	0.119 : (14, 30)
	0.016 : (14, 32)
	0.032 : (14, 36)
	0.119 : (15, 31)
	0.016 : (15, 33)
	0.032 : (15, 37)
	0.010 : (16, 32)
	0.043 : (16, 36)
	0.010 : (17, 33)
	0.043 : (17, 37)
	0.106 : (18, 28)
	0.015 : (18, 38)
	0.106 : (19, 29)
	0.015 : (19, 39)
 145 : 0.9650047553232294
	0.141 : (11, 26)
	0.012 : (11, 29)
	0.013 : (11, 34)
	0.028 : (13, 26)
	0.084 : (13, 29)
	0.013 : (13, 39)
	0.237 : (15, 30)
	0.032 : (15, 32)
	0.065 : (15, 36)
	0.021 : (17, 32)
	0.085 : (17, 36)
	0.212 : (18, 29)
	0.030 : (18, 39)
 146 : 0.9668511857414036
	0.072 : (6, 25)
	0.035 : (7, 24)
	0.183 : (20, 39)
	0.019 : (21, 27)
	0.016 : (21, 35)
	0.636 : (21, 38)
	0.018 : (22, 33)
 147 : 0.972142518711245
	0.016 : (12, 36)
	0.016 : (13, 37)
	0.071 : (14, 26)
	0.155 : (14, 29)
	0.026 : (14, 34)
	0.069 : (15, 27)
	0.157 : (15, 28)
	0.026 : (15, 35)
	0.019 : (16, 26)
	0.144 : (16, 34)
	0.019 : (17, 27)
	0.142 : (17, 35)
	0.029 : (18, 31)
	0.024 : (18, 33)
	0.027 : (19, 30)
	0.026 : (19, 32)
 148 : 0.9743091282973672
	0.514 : (6, 25)
	0.249 : (7, 24)
	0.016 : (9, 23)
	0.014 : (10, 24)
	0.019 : (11, 25)
	0.157 : (21, 38)
 149 : 0.9760157811902592
	0.071 : (9, 27)
	0.041 : (10, 31)
	0.046 : (10, 33)
	0.131 : (12, 33)
	0.012 : (12, 37)
	0.061 : (14, 28)
	0.023 : (14, 35)
	0.051 : (14, 38)
	0.020 : (16, 27)
	0.050 : (16, 35)
	0.143 : (16, 38)
	0.200 : (19, 31)
	0.105 : (19, 33)
	0.034 : (19, 37)
 150 : 0.9760211429572538
	0.035 : (8, 27)
	0.035 : (9, 26)
	0.021 : (10, 30)
	0.023 : (10, 32)
	0.021 : (11, 31)
	0.023 : (11, 33)
	0.066 : (12, 32)
	0.066 : (13, 33)
	0.031 : (14, 29)
	0.012 : (14, 34)
	0.026 : (14, 39)
	0.030 : (15, 28)
	0.012 : (15, 35)
	0.026 : (15, 38)
	0.010 : (16, 26)
	0.025 : (16, 34)
	0.072 : (16, 39)
	0.024 : (17, 35)
	0.071 : (17, 38)
	0.100 : (18, 31)
	0.054 : (18, 33)
	0.017 : (18, 37)
	0.100 : (19, 30)
	0.052 : (19, 32)
	0.017 : (19, 36)
 151 : 0.9760250923806724
	0.071 : (8, 26)
	0.041 : (11, 30)
	0.046 : (11, 32)
	0.131 : (13, 32)
	0.011 : (13, 36)
	0.060 : (15, 29)
	0.024 : (15, 34)
	0.052 : (15, 39)
	0.020 : (17, 26)
	0.049 : (17, 34)
	0.143 : (17, 39)
	0.200 : (18, 30)
	0.107 : (18, 32)
	0.034 : (18, 36)
 152 : 0.9770297891500438
	0.055 : (10, 26)
	0.055 : (11, 27)
	0.086 : (12, 26)
	0.013 : (12, 29)
	0.086 : (13, 27)
	0.013 : (13, 28)
	0.106 : (14, 30)
	0.016 : (14, 32)
	0.019 : (14, 36)
	0.106 : (15, 31)
	0.016 : (15, 33)
	0.019 : (15, 37)
	0.079 : (16, 32)
	0.079 : (17, 33)
	0.071 : (18, 28)
	0.022 : (18, 35)
	0.071 : (19, 29)
	0.022 : (19, 34)
 153 : 0.9843786242564967
	0.837 : (6, 24)
	0.038 : (8, 23)
	0.046 : (11, 24)
	0.011 : (13, 24)
	0.055 : (21, 39)
 154 : 0.9855829817201085
	0.026 : (9, 28)
	0.020 : (10, 31)
	0.029 : (12, 31)
	0.022 : (12, 33)
	0.293 : (14, 27)
	0.014 : (14, 28)
	0.074 : (14, 35)
	0.107 : (16, 27)
	0.109 : (16, 35)
	0.018 : (16, 38)
	0.206 : (19, 33)
	0.039 : (19, 37)
 155 : 0.9857205819304189
	0.013 : (8, 28)
	0.013 : (9, 29)
	0.010 : (10, 30)
	0.010 : (11, 31)
	0.015 : (12, 30)
	0.011 : (12, 32)
	0.015 : (13, 31)
	0.012 : (13, 33)
	0.145 : (14, 26)
	0.037 : (14, 34)
	0.147 : (15, 27)
	0.037 : (15, 35)
	0.053 : (16, 26)
	0.054 : (16, 34)
	0.054 : (17, 27)
	0.055 : (17, 35)
	0.104 : (18, 33)
	0.019 : (18, 37)
	0.102 : (19, 32)
	0.019 : (19, 36)
 156 : 0.9858280390264818
	0.025 : (8, 29)
	0.020 : (11, 30)
	0.031 : (13, 30)
	0.023 : (13, 32)
	0.292 : (15, 26)
	0.014 : (15, 29)
	0.074 : (15, 34)
	0.107 : (17, 26)
	0.108 : (17, 34)
	0.019 : (17, 39)
	0.205 : (18, 32)
	0.039 : (18, 36)
 157 : 0.9911924792584753
	0.244 : (12, 26)
	0.051 : (12, 29)
	0.244 : (13, 27)
	0.051 : (13, 28)
	0.129 : (14, 30)
	0.032 : (14, 32)
	0.129 : (15, 31)
	0.032 : (15, 33)
	0.013 : (16, 30)
	0.013 : (17, 31)
 158 : 1.003820531097546
	0.025 : (8, 27)
	0.025 : (9, 26)
	0.018 : (10, 30)
	0.018 : (11, 31)
	0.087 : (12, 32)
	0.087 : (13, 33)
	0.034 : (14, 29)
	0.144 : (14, 34)
	0.010 : (14, 39)
	0.034 : (15, 28)
	0.143 : (15, 35)
	0.010 : (15, 38)
	0.059 : (16, 39)
	0.059 : (17, 38)
	0.032 : (18, 31)
	0.043 : (18, 33)
	0.035 : (18, 37)
	0.032 : (19, 30)
	0.044 : (19, 32)
	0.035 : (19, 36)
 159 : 1.0075900038833403
	0.022 : (8, 31)
	0.022 : (9, 30)
	0.016 : (10, 34)
	0.016 : (11, 35)
	0.048 : (12, 26)
	0.150 : (12, 29)
	0.083 : (12, 34)
	0.048 : (13, 27)
	0.150 : (13, 28)
	0.083 : (13, 35)
	0.018 : (14, 32)
	0.023 : (14, 36)
	0.018 : (15, 33)
	0.023 : (15, 37)
	0.032 : (16, 30)
	0.032 : (17, 31)
	0.027 : (18, 27)
	0.044 : (18, 28)
	0.027 : (19, 26)
	0.044 : (19, 29)
 160 : 1.0075900038833405
	0.045 : (9, 31)
	0.033 : (10, 35)
	0.096 : (12, 27)
	0.300 : (12, 28)
	0.165 : (12, 35)
	0.019 : (14, 31)
	0.035 : (14, 33)
	0.046 : (14, 37)
	0.063 : (16, 31)
	0.054 : (19, 27)
	0.088 : (19, 28)
 161 : 1.0077161175093092
	0.045 : (8, 30)
	0.033 : (11, 34)
	0.098 : (13, 26)
	0.304 : (13, 29)
	0.168 : (13, 34)
	0.020 : (15, 30)
	0.036 : (15, 32)
	0.047 : (15, 36)
	0.064 : (17, 30)
	0.055 : (18, 26)
	0.089 : (18, 29)
 162 : 1.010253335550241
	0.030 : (10, 26)
	0.030 : (11, 27)
	0.155 : (12, 34)
	0.155 : (13, 35)
	0.175 : (16, 32)
	0.033 : (16, 36)
	0.175 : (17, 33)
	0.033 : (17, 37)
	0.024 : (18, 28)
	0.017 : (18, 35)
	0.024 : (19, 29)
	0.017 : (19, 34)
 163 : 1.018090887233953
	0.339 : (6, 25)
	0.617 : (7, 24)
	0.013 : (9, 23)
	0.014 : (10, 24)
 164 : 1.0298610179382053
	0.016 : (7, 28)
	0.024 : (9, 31)
	0.119 : (10, 35)
	0.209 : (12, 27)
	0.048 : (14, 31)
	0.037 : (14, 33)
	0.057 : (14, 37)
	0.142 : (16, 33)
	0.115 : (16, 37)
	0.072 : (19, 28)
	0.102 : (19, 35)
 165 : 1.0298610179382064
	0.012 : (8, 31)
	0.012 : (9, 30)
	0.059 : (10, 34)
	0.059 : (11, 35)
	0.104 : (12, 26)
	0.104 : (13, 27)
	0.024 : (14, 30)
	0.018 : (14, 32)
	0.029 : (14, 36)
	0.024 : (15, 31)
	0.018 : (15, 33)
	0.029 : (15, 37)
	0.071 : (16, 32)
	0.057 : (16, 36)
	0.071 : (17, 33)
	0.057 : (17, 37)
	0.036 : (18, 28)
	0.051 : (18, 35)
	0.036 : (19, 29)
	0.051 : (19, 34)
 166 : 1.02991188130741
	0.016 : (6, 29)
	0.024 : (8, 30)
	0.120 : (11, 34)
	0.209 : (13, 26)
	0.049 : (15, 30)
	0.037 : (15, 32)
	0.058 : (15, 36)
	0.142 : (17, 32)
	0.115 : (17, 36)
	0.073 : (18, 29)
	0.101 : (18, 34)
 167 : 1.0308608832863575
	0.010 : (7, 33)
	0.040 : (9, 27)
	0.048 : (9, 28)
	0.061 : (10, 33)
	0.373 : (12, 31)
	0.027 : (12, 37)
	0.099 : (14, 28)
	0.198 : (16, 28)
	0.012 : (16, 35)
	0.070 : (19, 31)
	0.025 : (19, 37)
 168 : 1.0309741972149002
	0.020 : (8, 27)
	0.024 : (8, 28)
	0.020 : (9, 26)
	0.024 : (9, 29)
	0.031 : (10, 32)
	0.031 : (11, 33)
	0.190 : (12, 30)
	0.014 : (12, 36)
	0.181 : (13, 31)
	0.013 : (13, 37)
	0.050 : (14, 29)
	0.049 : (15, 28)
	0.101 : (16, 29)
	0.098 : (17, 28)
	0.035 : (18, 31)
	0.012 : (18, 37)
	0.035 : (19, 30)
	0.013 : (19, 36)
 169 : 1.0310664125879425
	0.010 : (6, 32)
	0.041 : (8, 26)
	0.047 : (8, 29)
	0.062 : (11, 32)
	0.370 : (13, 30)
	0.027 : (13, 36)
	0.100 : (15, 29)
	0.198 : (17, 29)
	0.012 : (17, 34)
	0.070 : (18, 30)
	0.024 : (18, 36)
 170 : 1.0378173598845015
	0.010 : (10, 29)
	0.010 : (11, 28)
	0.165 : (12, 29)
	0.037 : (12, 34)
	0.165 : (13, 28)
	0.037 : (13, 35)
	0.062 : (14, 30)
	0.083 : (14, 32)
	0.062 : (15, 31)
	0.083 : (15, 33)
	0.025 : (16, 30)
	0.041 : (16, 32)
	0.025 : (17, 31)
	0.041 : (17, 33)
	0.056 : (18, 35)
	0.056 : (19, 34)
 171 : 1.0390049173668452
	0.018 : (8, 28)
	0.017 : (9, 29)
	0.301 : (12, 30)
	0.010 : (12, 32)
	0.013 : (12, 36)
	0.310 : (13, 31)
	0.010 : (13, 33)
	0.013 : (13, 37)
	0.015 : (14, 29)
	0.016 : (14, 34)
	0.017 : (15, 28)
	0.015 : (15, 35)
	0.067 : (16, 29)
	0.070 : (17, 28)
	0.017 : (18, 31)
	0.014 : (18, 37)
	0.016 : (19, 30)
	0.014 : (19, 36)
 172 : 1.0438984701779623
	0.022 : (7, 35)
	0.012 : (9, 33)
	0.339 : (10, 27)
	0.060 : (10, 28)
	0.012 : (10, 38)
	0.048 : (12, 35)
	0.012 : (12, 38)
	0.250 : (14, 33)
	0.023 : (16, 33)
	0.010 : (16, 37)
	0.050 : (19, 27)
	0.015 : (19, 28)
	0.062 : (19, 35)
 173 : 1.043898470177963
	0.011 : (6, 35)
	0.011 : (7, 34)
	0.170 : (10, 26)
	0.015 : (10, 27)
	0.030 : (10, 29)
	0.170 : (11, 27)
	0.030 : (11, 28)
	0.024 : (12, 34)
	0.024 : (13, 35)
	0.125 : (14, 32)
	0.011 : (14, 33)
	0.125 : (15, 33)
	0.012 : (16, 32)
	0.012 : (17, 33)
	0.025 : (18, 27)
	0.031 : (18, 35)
	0.025 : (19, 26)
	0.031 : (19, 34)
 174 : 1.0439004799171339
	0.023 : (6, 34)
	0.012 : (8, 32)
	0.355 : (11, 26)
	0.062 : (11, 29)
	0.013 : (11, 39)
	0.010 : (13, 26)
	0.050 : (13, 34)
	0.013 : (13, 39)
	0.261 : (15, 32)
	0.024 : (17, 32)
	0.011 : (17, 36)
	0.052 : (18, 26)
	0.016 : (18, 29)
	0.064 : (18, 34)
 175 : 1.056930073267496
	0.011 : (8, 33)
	0.011 : (9, 32)
	0.269 : (10, 26)
	0.269 : (11, 27)
	0.018 : (12, 34)
	0.018 : (13, 35)
	0.024 : (14, 30)
	0.092 : (14, 32)
	0.024 : (15, 31)
	0.092 : (15, 33)
	0.011 : (18, 28)
	0.016 : (18, 35)
	0.011 : (19, 29)
	0.016 : (19, 34)
 176 : 1.0608459771113188
	0.035 : (9, 27)
	0.064 : (9, 28)
	0.013 : (9, 35)
	0.226 : (10, 31)
	0.087 : (10, 33)
	0.106 : (12, 31)
	0.031 : (12, 33)
	0.014 : (12, 37)
	0.150 : (14, 28)
	0.061 : (14, 35)
	0.047 : (14, 38)
	0.027 : (16, 28)
	0.053 : (19, 33)
	0.040 : (19, 37)
 177 : 1.0609406644960149
	0.017 : (8, 27)
	0.032 : (8, 28)
	0.018 : (9, 26)
	0.032 : (9, 29)
	0.114 : (10, 30)
	0.044 : (10, 32)
	0.113 : (11, 31)
	0.042 : (11, 33)
	0.053 : (12, 30)
	0.015 : (12, 32)
	0.054 : (13, 31)
	0.016 : (13, 33)
	0.075 : (14, 29)
	0.031 : (14, 34)
	0.024 : (14, 39)
	0.074 : (15, 28)
	0.030 : (15, 35)
	0.023 : (15, 38)
	0.014 : (16, 29)
	0.014 : (17, 28)
	0.026 : (18, 33)
	0.020 : (18, 37)
	0.027 : (19, 32)
	0.020 : (19, 36)
 178 : 1.0610174557298853
	0.035 : (8, 26)
	0.064 : (8, 29)
	0.014 : (8, 34)
	0.226 : (11, 30)
	0.086 : (11, 32)
	0.109 : (13, 30)
	0.032 : (13, 32)
	0.014 : (13, 36)
	0.148 : (15, 29)
	0.060 : (15, 34)
	0.047 : (15, 39)
	0.028 : (17, 29)
	0.053 : (18, 32)
	0.040 : (18, 36)
 179 : 1.0645926676607365
	0.013 : (8, 33)
	0.013 : (9, 32)
	0.018 : (9, 33)
	0.020 : (10, 26)
	0.026 : (10, 27)
	0.076 : (10, 28)
	0.058 : (10, 29)
	0.026 : (10, 34)
	0.034 : (10, 35)
	0.020 : (11, 27)
	0.058 : (11, 28)
	0.026 : (11, 35)
	0.033 : (12, 28)
	0.026 : (12, 29)
	0.044 : (12, 34)
	0.057 : (12, 35)
	0.026 : (13, 28)
	0.044 : (13, 35)
	0.014 : (14, 36)
	0.018 : (14, 37)
	0.014 : (15, 37)
	0.035 : (16, 30)
	0.046 : (16, 31)
	0.027 : (16, 32)
	0.036 : (16, 33)
	0.035 : (17, 31)
	0.027 : (17, 33)
 180 : 1.064592667660737
	0.013 : (9, 31)
	0.027 : (9, 33)
	0.013 : (10, 26)
	0.040 : (10, 27)
	0.116 : (10, 28)
	0.038 : (10, 29)
	0.017 : (10, 34)
	0.052 : (10, 35)
	0.013 : (11, 27)
	0.038 : (11, 28)
	0.017 : (11, 35)
	0.051 : (12, 28)
	0.017 : (12, 29)
	0.029 : (12, 34)
	0.087 : (12, 35)
	0.017 : (13, 28)
	0.029 : (13, 35)
	0.013 : (14, 33)
	0.027 : (14, 37)
	0.023 : (16, 30)
	0.070 : (16, 31)
	0.018 : (16, 32)
	0.055 : (16, 33)
	0.023 : (17, 31)
	0.018 : (17, 33)
	0.011 : (19, 27)
 181 : 1.0647326889398516
	0.015 : (6, 26)
	0.013 : (6, 34)
	0.021 : (8, 30)
	0.044 : (8, 32)
	0.065 : (11, 26)
	0.190 : (11, 29)
	0.085 : (11, 34)
	0.087 : (13, 29)
	0.145 : (13, 34)
	0.012 : (15, 30)
	0.021 : (15, 32)
	0.045 : (15, 36)
	0.117 : (17, 30)
	0.091 : (17, 32)
	0.019 : (18, 26)
	0.016 : (18, 39)
 182 : 1.0725162255801388
	0.010 : (10, 26)
	0.019 : (10, 29)
	0.010 : (11, 27)
	0.019 : (11, 28)
	0.030 : (12, 26)
	0.129 : (12, 29)
	0.107 : (12, 34)
	0.030 : (13, 27)
	0.129 : (13, 28)
	0.107 : (13, 35)
	0.011 : (14, 30)
	0.035 : (14, 32)
	0.011 : (15, 31)
	0.035 : (15, 33)
	0.046 : (16, 30)
	0.032 : (16, 32)
	0.046 : (16, 36)
	0.046 : (17, 31)
	0.032 : (17, 33)
	0.046 : (17, 37)
 183 : 1.0732801496484634
	0.024 : (8, 27)
	0.024 : (9, 26)
	0.068 : (10, 30)
	0.066 : (10, 32)
	0.069 : (11, 31)
	0.066 : (11, 33)
	0.016 : (12, 36)
	0.016 : (13, 37)
	0.039 : (14, 29)
	0.076 : (14, 34)
	0.053 : (14, 39)
	0.040 : (15, 28)
	0.076 : (15, 35)
	0.054 : (15, 38)
	0.053 : (16, 39)
	0.053 : (17, 38)
	0.014 : (18, 31)
	0.027 : (18, 33)
	0.041 : (18, 37)
	0.014 : (19, 30)
	0.026 : (19, 32)
	0.040 : (19, 36)
 184 : 1.0925320922773005
	0.026 : (8, 31)
	0.026 : (9, 30)
	0.024 : (10, 26)
	0.095 : (10, 29)
	0.024 : (11, 27)
	0.095 : (11, 28)
	0.017 : (12, 26)
	0.103 : (12, 29)
	0.029 : (12, 34)
	0.017 : (13, 27)
	0.103 : (13, 28)
	0.029 : (13, 35)
	0.061 : (14, 30)
	0.021 : (14, 36)
	0.061 : (15, 31)
	0.021 : (15, 37)
	0.023 : (16, 30)
	0.023 : (17, 31)
	0.059 : (18, 38)
	0.059 : (19, 39)
 185 : 1.0925320922773014
	0.016 : (7, 28)
	0.051 : (9, 31)
	0.048 : (10, 27)
	0.191 : (10, 28)
	0.034 : (12, 27)
	0.207 : (12, 28)
	0.057 : (12, 35)
	0.123 : (14, 31)
	0.042 : (14, 37)
	0.047 : (16, 31)
	0.118 : (19, 38)
 186 : 1.0926913527380364
	0.016 : (6, 29)
	0.053 : (8, 30)
	0.051 : (11, 26)
	0.200 : (11, 29)
	0.036 : (13, 26)
	0.213 : (13, 29)
	0.059 : (13, 34)
	0.127 : (15, 30)
	0.043 : (15, 36)
	0.048 : (17, 30)
	0.126 : (18, 39)
 187 : 1.1088720437040298
	0.017 : (7, 31)
	0.025 : (7, 33)
	0.221 : (9, 27)
	0.010 : (9, 28)
	0.019 : (9, 35)
	0.025 : (10, 33)
	0.041 : (10, 37)
	0.023 : (12, 33)
	0.018 : (12, 37)
	0.083 : (14, 35)
	0.012 : (16, 35)
	0.039 : (16, 38)
	0.037 : (19, 31)
	0.389 : (19, 37)
 188 : 1.108872057559985
	0.013 : (6, 33)
	0.013 : (7, 32)
	0.111 : (8, 27)
	0.111 : (9, 26)
	0.013 : (10, 32)
	0.020 : (10, 36)
	0.013 : (11, 33)
	0.020 : (11, 37)
	0.012 : (12, 32)
	0.012 : (13, 33)
	0.042 : (14, 34)
	0.042 : (15, 35)
	0.020 : (16, 39)
	0.020 : (17, 38)
	0.018 : (18, 31)
	0.195 : (18, 37)
	0.018 : (19, 30)
	0.195 : (19, 36)
 189 : 1.1088720735398994
	0.017 : (6, 30)
	0.025 : (6, 32)
	0.221 : (8, 26)
	0.010 : (8, 29)
	0.019 : (8, 34)
	0.025 : (11, 32)
	0.041 : (11, 36)
	0.023 : (13, 32)
	0.018 : (13, 36)
	0.083 : (15, 34)
	0.012 : (17, 34)
	0.039 : (17, 39)
	0.037 : (18, 30)
	0.389 : (18, 36)
 190 : 1.1160586513725723
	0.015 : (7, 27)
	0.030 : (7, 28)
	0.012 : (7, 38)
	0.052 : (9, 31)
	0.013 : (9, 33)
	0.041 : (10, 27)
	0.061 : (10, 28)
	0.018 : (10, 35)
	0.109 : (12, 38)
	0.034 : (14, 31)
	0.063 : (14, 33)
	0.014 : (16, 33)
	0.084 : (16, 37)
	0.027 : (19, 27)
	0.397 : (19, 38)
 191 : 1.1160586513725745
	0.015 : (6, 28)
	0.015 : (7, 29)
	0.026 : (8, 31)
	0.026 : (9, 30)
	0.021 : (10, 26)
	0.030 : (10, 29)
	0.021 : (11, 27)
	0.030 : (11, 28)
	0.054 : (12, 39)
	0.054 : (13, 38)
	0.017 : (14, 30)
	0.032 : (14, 32)
	0.017 : (15, 31)
	0.032 : (15, 33)
	0.042 : (16, 36)
	0.042 : (17, 37)
	0.014 : (18, 27)
	0.198 : (18, 38)
	0.014 : (19, 26)
	0.198 : (19, 39)
 192 : 1.1161826568095776
	0.015 : (6, 26)
	0.030 : (6, 29)
	0.012 : (6, 39)
	0.053 : (8, 30)
	0.013 : (8, 32)
	0.041 : (11, 26)
	0.063 : (11, 29)
	0.018 : (11, 34)
	0.109 : (13, 39)
	0.035 : (15, 30)
	0.064 : (15, 32)
	0.014 : (17, 32)
	0.084 : (17, 36)
	0.027 : (18, 26)
	0.394 : (18, 39)
 193 : 1.130709043624274
	0.045 : (9, 28)
	0.010 : (9, 35)
	0.225 : (10, 31)
	0.051 : (10, 33)
	0.067 : (12, 31)
	0.279 : (12, 33)
	0.050 : (14, 28)
	0.019 : (14, 35)
	0.130 : (14, 38)
	0.016 : (16, 27)
	0.038 : (16, 38)
	0.024 : (19, 37)
 194 : 1.130795868234489
	0.022 : (8, 28)
	0.022 : (9, 29)
	0.113 : (10, 30)
	0.026 : (10, 32)
	0.112 : (11, 31)
	0.025 : (11, 33)
	0.033 : (12, 30)
	0.145 : (12, 32)
	0.032 : (13, 31)
	0.134 : (13, 33)
	0.025 : (14, 29)
	0.010 : (14, 34)
	0.067 : (14, 39)
	0.025 : (15, 28)
	0.065 : (15, 38)
	0.020 : (16, 39)
	0.020 : (17, 38)
	0.012 : (18, 37)
	0.012 : (19, 36)
 195 : 1.1308673725247995
	0.044 : (8, 29)
	0.010 : (8, 34)
	0.226 : (11, 30)
	0.050 : (11, 32)
	0.064 : (13, 30)
	0.280 : (13, 32)
	0.050 : (15, 29)
	0.019 : (15, 34)
	0.133 : (15, 39)
	0.016 : (17, 26)
	0.042 : (17, 39)
	0.022 : (18, 36)
 196 : 1.1315517107045112
	0.014 : (8, 31)
	0.014 : (9, 30)
	0.029 : (10, 26)
	0.090 : (10, 29)
	0.027 : (10, 34)
	0.029 : (11, 27)
	0.090 : (11, 28)
	0.027 : (11, 35)
	0.027 : (12, 39)
	0.027 : (13, 38)
	0.023 : (14, 32)
	0.027 : (14, 36)
	0.023 : (15, 33)
	0.027 : (15, 37)
	0.068 : (16, 36)
	0.068 : (17, 37)
	0.161 : (18, 38)
	0.161 : (19, 39)
 197 : 1.1341365474902214
	0.023 : (8, 27)
	0.022 : (9, 26)
	0.027 : (10, 32)
	0.028 : (11, 33)
	0.189 : (12, 32)
	0.195 : (13, 33)
	0.061 : (14, 34)
	0.038 : (14, 39)
	0.061 : (15, 35)
	0.040 : (15, 38)
	0.111 : (18, 37)
	0.112 : (19, 36)
 198 : 1.137068403616634
	0.034 : (7, 33)
	0.126 : (9, 27)
	0.028 : (9, 28)
	0.039 : (9, 38)
	0.028 : (10, 31)
	0.036 : (10, 33)
	0.076 : (12, 31)
	0.040 : (12, 33)
	0.049 : (14, 38)
	0.010 : (16, 35)
	0.353 : (16, 38)
	0.016 : (19, 33)
	0.126 : (19, 37)
 199 : 1.1370978066841568
	0.017 : (6, 33)
	0.017 : (7, 32)
	0.063 : (8, 27)
	0.015 : (8, 28)
	0.019 : (8, 38)
	0.063 : (9, 26)
	0.014 : (9, 29)
	0.020 : (9, 39)
	0.014 : (10, 30)
	0.018 : (10, 32)
	0.016 : (11, 31)
	0.018 : (11, 33)
	0.038 : (12, 30)
	0.020 : (12, 32)
	0.040 : (13, 31)
	0.019 : (13, 33)
	0.024 : (14, 39)
	0.024 : (15, 38)
	0.175 : (16, 39)
	0.175 : (17, 38)
	0.066 : (18, 37)
	0.060 : (19, 36)
 200 : 1.1371224302413483
	0.035 : (6, 32)
	0.127 : (8, 26)
	0.029 : (8, 29)
	0.039 : (8, 39)
	0.030 : (11, 30)
	0.037 : (11, 32)
	0.078 : (13, 30)
	0.038 : (13, 32)
	0.046 : (15, 39)
	0.010 : (17, 34)
	0.349 : (17, 39)
	0.015 : (18, 32)
	0.127 : (18, 36)
 201 : 1.1375360772745657
	0.031 : (8, 28)
	0.031 : (9, 29)
	0.140 : (10, 30)
	0.141 : (11, 31)
	0.040 : (12, 30)
	0.060 : (12, 32)
	0.014 : (12, 36)
	0.039 : (13, 31)
	0.064 : (13, 33)
	0.013 : (13, 37)
	0.014 : (14, 29)
	0.015 : (15, 28)
	0.160 : (18, 37)
	0.165 : (19, 36)
 202 : 1.14887337268935
	0.251 : (10, 29)
	0.023 : (10, 34)
	0.251 : (11, 28)
	0.023 : (11, 35)
	0.054 : (12, 34)
	0.054 : (13, 35)
	0.011 : (14, 32)
	0.012 : (14, 36)
	0.011 : (15, 33)
	0.012 : (15, 37)
	0.013 : (16, 32)
	0.051 : (16, 36)
	0.013 : (17, 33)
	0.051 : (17, 37)
	0.041 : (18, 38)
	0.041 : (19, 39)
 203 : 1.1522792359221552
	0.275 : (7, 27)
	0.051 : (9, 31)
	0.109 : (9, 33)
	0.056 : (9, 37)
	0.123 : (10, 35)
	0.032 : (10, 38)
	0.085 : (12, 35)
	0.019 : (12, 38)
	0.029 : (14, 31)
	0.028 : (14, 37)
	0.112 : (16, 37)
	0.015 : (19, 35)
	0.015 : (19, 38)
 204 : 1.1522792359221568
	0.137 : (6, 27)
	0.137 : (7, 26)
	0.025 : (8, 31)
	0.055 : (8, 33)
	0.028 : (8, 37)
	0.025 : (9, 30)
	0.055 : (9, 32)
	0.028 : (9, 36)
	0.062 : (10, 34)
	0.016 : (10, 39)
	0.062 : (11, 35)
	0.016 : (11, 38)
	0.043 : (12, 34)
	0.043 : (13, 35)
	0.015 : (14, 30)
	0.014 : (14, 36)
	0.015 : (15, 31)
	0.014 : (15, 37)
	0.056 : (16, 36)
	0.056 : (17, 37)
 205 : 1.1522909860423236
	0.279 : (6, 26)
	0.052 : (8, 30)
	0.111 : (8, 32)
	0.057 : (8, 36)
	0.124 : (11, 34)
	0.033 : (11, 39)
	0.087 : (13, 34)
	0.020 : (13, 39)
	0.030 : (15, 30)
	0.028 : (15, 36)
	0.114 : (17, 36)
	0.016 : (18, 34)
	0.015 : (18, 39)
 206 : 1.1616767673804562
	0.041 : (6, 27)
	0.041 : (7, 26)
	0.106 : (8, 33)
	0.106 : (9, 32)
	0.022 : (10, 29)
	0.114 : (10, 34)
	0.043 : (10, 39)
	0.022 : (11, 28)
	0.114 : (11, 35)
	0.043 : (11, 38)
	0.013 : (12, 34)
	0.013 : (13, 35)
	0.049 : (16, 36)
	0.049 : (17, 37)
	0.053 : (18, 38)
	0.053 : (19, 39)
 207 : 1.1616767673804567
	0.083 : (7, 27)
	0.013 : (9, 31)
	0.211 : (9, 33)
	0.017 : (9, 37)
	0.044 : (10, 28)
	0.228 : (10, 35)
	0.087 : (10, 38)
	0.015 : (12, 27)
	0.025 : (12, 35)
	0.014 : (12, 38)
	0.014 : (14, 33)
	0.098 : (16, 37)
	0.107 : (19, 38)
 208 : 1.1616883000887088
	0.084 : (6, 26)
	0.013 : (8, 30)
	0.213 : (8, 32)
	0.017 : (8, 36)
	0.045 : (11, 29)
	0.232 : (11, 34)
	0.088 : (11, 39)
	0.015 : (13, 26)
	0.026 : (13, 34)
	0.014 : (13, 39)
	0.014 : (15, 32)
	0.099 : (17, 36)
	0.109 : (18, 39)
 209 : 1.1621663962314388
	0.016 : (6, 33)
	0.016 : (7, 32)
	0.177 : (8, 27)
	0.014 : (8, 38)
	0.177 : (9, 26)
	0.014 : (9, 39)
	0.058 : (10, 32)
	0.058 : (11, 33)
	0.198 : (16, 39)
	0.198 : (17, 38)
 210 : 1.173631627681851
	0.025 : (7, 31)
	0.116 : (9, 27)
	0.011 : (9, 28)
	0.207 : (9, 35)
	0.020 : (9, 38)
	0.050 : (10, 31)
	0.241 : (10, 33)
	0.087 : (10, 37)
	0.111 : (12, 37)
	0.011 : (14, 35)
	0.012 : (14, 38)
	0.032 : (16, 38)
	0.036 : (19, 37)
 211 : 1.1736411286297492
	0.013 : (6, 31)
	0.013 : (7, 30)
	0.059 : (8, 27)
	0.102 : (8, 35)
	0.057 : (9, 26)
	0.105 : (9, 34)
	0.010 : (9, 39)
	0.022 : (10, 30)
	0.123 : (10, 32)
	0.043 : (10, 36)
	0.029 : (11, 31)
	0.118 : (11, 33)
	0.044 : (11, 37)
	0.057 : (12, 36)
	0.054 : (13, 37)
	0.015 : (16, 39)
	0.016 : (17, 38)
	0.017 : (18, 37)
	0.019 : (19, 36)
 212 : 1.1736581910209836
	0.026 : (6, 30)
	0.116 : (8, 26)
	0.011 : (8, 29)
	0.206 : (8, 34)
	0.020 : (8, 39)
	0.051 : (11, 30)
	0.241 : (11, 32)
	0.087 : (11, 36)
	0.110 : (13, 36)
	0.011 : (15, 34)
	0.012 : (15, 39)
	0.032 : (17, 39)
	0.036 : (18, 36)
 213 : 1.1839915844355176
	0.017 : (8, 35)
	0.015 : (9, 34)
	0.173 : (10, 30)
	0.026 : (10, 32)
	0.162 : (11, 31)
	0.031 : (11, 33)
	0.079 : (12, 32)
	0.031 : (12, 36)
	0.080 : (13, 33)
	0.033 : (13, 37)
	0.020 : (14, 34)
	0.082 : (14, 39)
	0.019 : (15, 35)
	0.081 : (15, 38)
	0.029 : (18, 37)
	0.027 : (19, 36)
 214 : 1.1890094203138348
	0.017 : (6, 27)
	0.017 : (7, 26)
	0.030 : (8, 31)
	0.016 : (8, 37)
	0.030 : (9, 30)
	0.016 : (9, 36)
	0.044 : (10, 29)
	0.187 : (10, 34)
	0.044 : (11, 28)
	0.187 : (11, 35)
	0.028 : (12, 34)
	0.028 : (13, 35)
	0.088 : (16, 36)
	0.088 : (17, 37)
	0.067 : (18, 38)
	0.067 : (19, 39)
 215 : 1.2096753014425121
	0.108 : (7, 31)
	0.031 : (7, 37)
	0.255 : (9, 28)
	0.064 : (9, 35)
	0.099 : (10, 31)
	0.024 : (10, 37)
	0.072 : (12, 33)
	0.044 : (12, 37)
	0.044 : (14, 35)
	0.180 : (14, 38)
	0.022 : (16, 28)
	0.019 : (19, 33)
	0.012 : (19, 37)
 216 : 1.2100135821787328
	0.054 : (6, 31)
	0.015 : (6, 37)
	0.053 : (7, 30)
	0.015 : (7, 36)
	0.129 : (8, 28)
	0.031 : (8, 35)
	0.126 : (9, 29)
	0.032 : (9, 34)
	0.047 : (10, 30)
	0.011 : (10, 36)
	0.050 : (11, 31)
	0.012 : (11, 37)
	0.035 : (12, 32)
	0.022 : (12, 36)
	0.037 : (13, 33)
	0.023 : (13, 37)
	0.021 : (14, 34)
	0.090 : (14, 39)
	0.022 : (15, 35)
	0.093 : (15, 38)
	0.011 : (16, 29)
	0.011 : (17, 28)
 217 : 1.210290487874659
	0.106 : (6, 30)
	0.030 : (6, 36)
	0.255 : (8, 29)
	0.063 : (8, 34)
	0.096 : (11, 30)
	0.024 : (11, 36)
	0.073 : (13, 32)
	0.045 : (13, 36)
	0.043 : (15, 34)
	0.185 : (15, 39)
	0.022 : (17, 29)
	0.019 : (18, 32)
	0.012 : (18, 36)
 218 : 1.2153804498391518
	0.015 : (6, 27)
	0.015 : (7, 26)
	0.126 : (10, 34)
	0.126 : (11, 35)
	0.037 : (12, 39)
	0.037 : (13, 38)
	0.011 : (14, 32)
	0.011 : (15, 33)
	0.104 : (16, 36)
	0.104 : (17, 37)
	0.154 : (18, 38)
	0.154 : (19, 39)
 219 : 1.2227876247184521
	0.019 : (6, 31)
	0.019 : (7, 30)
	0.155 : (8, 27)
	0.042 : (8, 28)
	0.035 : (8, 35)
	0.156 : (9, 26)
	0.043 : (9, 29)
	0.034 : (9, 34)
	0.023 : (10, 30)
	0.151 : (10, 32)
	0.022 : (10, 36)
	0.023 : (11, 31)
	0.149 : (11, 33)
	0.022 : (11, 37)
	0.013 : (12, 36)
	0.013 : (13, 37)
	0.017 : (16, 39)
	0.017 : (17, 38)
 220 : 1.2235261859677202
	0.013 : (7, 28)
	0.019 : (7, 35)
	0.018 : (8, 31)
	0.018 : (9, 30)
	0.047 : (9, 31)
	0.016 : (9, 33)
	0.018 : (9, 37)
	0.044 : (10, 28)
	0.017 : (10, 29)
	0.032 : (10, 34)
	0.081 : (10, 35)
	0.017 : (11, 28)
	0.032 : (11, 35)
	0.010 : (12, 34)
	0.027 : (12, 35)
	0.023 : (12, 38)
	0.010 : (13, 35)
	0.011 : (14, 33)
	0.044 : (14, 36)
	0.112 : (14, 37)
	0.044 : (15, 37)
	0.034 : (16, 36)
	0.088 : (16, 37)
	0.034 : (17, 37)
	0.015 : (19, 35)
	0.013 : (19, 38)
 221 : 1.2235261859677207
	0.010 : (7, 28)
	0.015 : (7, 35)
	0.023 : (8, 31)
	0.023 : (9, 30)
	0.037 : (9, 31)
	0.013 : (9, 33)
	0.014 : (9, 37)
	0.034 : (10, 28)
	0.022 : (10, 29)
	0.041 : (10, 34)
	0.063 : (10, 35)
	0.022 : (11, 28)
	0.041 : (11, 35)
	0.013 : (12, 34)
	0.021 : (12, 35)
	0.018 : (12, 38)
	0.012 : (12, 39)
	0.013 : (13, 35)
	0.012 : (13, 38)
	0.056 : (14, 36)
	0.087 : (14, 37)
	0.056 : (15, 37)
	0.044 : (16, 36)
	0.068 : (16, 37)
	0.044 : (17, 37)
	0.012 : (19, 35)
	0.010 : (19, 38)
 222 : 1.223615366181983
	0.023 : (6, 29)
	0.033 : (6, 34)
	0.013 : (6, 39)
	0.083 : (8, 30)
	0.029 : (8, 32)
	0.033 : (8, 36)
	0.077 : (11, 29)
	0.145 : (11, 34)
	0.048 : (13, 34)
	0.042 : (13, 39)
	0.019 : (15, 32)
	0.202 : (15, 36)
	0.156 : (17, 36)
	0.027 : (18, 34)
	0.024 : (18, 39)
 223 : 1.236451973319174
	0.087 : (6, 27)
	0.087 : (7, 26)
	0.046 : (8, 31)
	0.165 : (8, 33)
	0.046 : (9, 30)
	0.165 : (9, 32)
	0.042 : (10, 34)
	0.033 : (10, 39)
	0.042 : (11, 35)
	0.033 : (11, 38)
	0.012 : (12, 34)
	0.037 : (12, 39)
	0.012 : (13, 35)
	0.037 : (13, 38)
	0.048 : (14, 36)
	0.048 : (15, 37)
 224 : 1.2507490382180442
	0.095 : (7, 28)
	0.188 : (9, 31)
	0.064 : (10, 28)
	0.059 : (12, 35)
	0.059 : (12, 38)
	0.022 : (14, 33)
	0.339 : (14, 37)
	0.011 : (16, 33)
	0.048 : (16, 37)
	0.018 : (19, 35)
	0.038 : (19, 38)
 225 : 1.2507490382180462
	0.048 : (6, 28)
	0.048 : (7, 29)
	0.094 : (8, 31)
	0.094 : (9, 30)
	0.032 : (10, 29)
	0.032 : (11, 28)
	0.029 : (12, 34)
	0.029 : (12, 39)
	0.029 : (13, 35)
	0.029 : (13, 38)
	0.011 : (14, 32)
	0.169 : (14, 36)
	0.011 : (15, 33)
	0.169 : (15, 37)
	0.024 : (16, 36)
	0.024 : (17, 37)
	0.019 : (18, 38)
	0.019 : (19, 39)
 226 : 1.250910276526628
	0.096 : (6, 29)
	0.010 : (6, 39)
	0.190 : (8, 30)
	0.064 : (11, 29)
	0.059 : (13, 34)
	0.062 : (13, 39)
	0.023 : (15, 32)
	0.339 : (15, 36)
	0.011 : (17, 32)
	0.048 : (17, 36)
	0.018 : (18, 34)
	0.038 : (18, 39)
 227 : 1.2527404122617665
	0.052 : (7, 31)
	0.018 : (7, 33)
	0.017 : (7, 37)
	0.113 : (9, 28)
	0.060 : (9, 35)
	0.026 : (9, 38)
	0.010 : (10, 31)
	0.092 : (10, 33)
	0.036 : (12, 33)
	0.014 : (14, 28)
	0.373 : (14, 38)
	0.137 : (16, 38)
	0.021 : (19, 33)
 228 : 1.252885085247981
	0.026 : (6, 31)
	0.026 : (7, 30)
	0.058 : (8, 28)
	0.030 : (8, 35)
	0.013 : (8, 38)
	0.058 : (9, 29)
	0.031 : (9, 34)
	0.013 : (9, 39)
	0.046 : (10, 32)
	0.045 : (11, 33)
	0.018 : (12, 32)
	0.017 : (13, 33)
	0.189 : (14, 39)
	0.182 : (15, 38)
	0.070 : (16, 39)
	0.067 : (17, 38)
	0.010 : (18, 33)
	0.011 : (19, 32)
 229 : 1.2530077736631449
	0.053 : (6, 30)
	0.018 : (6, 32)
	0.017 : (6, 36)
	0.117 : (8, 29)
	0.062 : (8, 34)
	0.026 : (8, 39)
	0.010 : (11, 30)
	0.091 : (11, 32)
	0.035 : (13, 32)
	0.014 : (15, 29)
	0.010 : (15, 34)
	0.370 : (15, 39)
	0.136 : (17, 39)
	0.021 : (18, 32)
 230 : 1.2571261624095458
	0.027 : (6, 28)
	0.027 : (7, 29)
	0.076 : (8, 31)
	0.013 : (8, 33)
	0.076 : (9, 30)
	0.013 : (9, 32)
	0.013 : (10, 29)
	0.013 : (11, 28)
	0.022 : (12, 34)
	0.022 : (13, 35)
	0.263 : (14, 36)
	0.263 : (15, 37)
	0.018 : (16, 36)
	0.018 : (17, 37)
	0.021 : (18, 38)
	0.021 : (19, 39)
 231 : 1.2597473887410224
	0.015 : (6, 31)
	0.014 : (7, 30)
	0.021 : (8, 28)
	0.020 : (9, 29)
	0.015 : (10, 30)
	0.094 : (10, 32)
	0.016 : (11, 31)
	0.100 : (11, 33)
	0.223 : (14, 39)
	0.226 : (15, 38)
	0.073 : (16, 39)
	0.073 : (17, 38)
 232 : 1.2635644237267099
	0.177 : (9, 27)
	0.013 : (9, 28)
	0.077 : (9, 35)
	0.036 : (10, 31)
	0.110 : (10, 33)
	0.026 : (12, 33)
	0.395 : (12, 37)
	0.029 : (14, 35)
	0.020 : (14, 38)
	0.015 : (16, 27)
	0.021 : (16, 35)
	0.018 : (16, 38)
	0.030 : (19, 37)
 233 : 1.2635721625815506
	0.088 : (8, 27)
	0.039 : (8, 35)
	0.088 : (9, 26)
	0.038 : (9, 34)
	0.019 : (10, 30)
	0.057 : (10, 32)
	0.017 : (11, 31)
	0.053 : (11, 33)
	0.013 : (12, 32)
	0.197 : (12, 36)
	0.013 : (13, 33)
	0.198 : (13, 37)
	0.014 : (14, 34)
	0.015 : (15, 35)
	0.011 : (15, 38)
	0.011 : (16, 34)
	0.011 : (17, 35)
	0.015 : (18, 37)
	0.015 : (19, 36)
 234 : 1.2635789738679049
	0.177 : (8, 26)
	0.013 : (8, 29)
	0.076 : (8, 34)
	0.036 : (11, 30)
	0.111 : (11, 32)
	0.026 : (13, 32)
	0.395 : (13, 36)
	0.029 : (15, 34)
	0.020 : (15, 39)
	0.015 : (17, 26)
	0.021 : (17, 34)
	0.017 : (17, 39)
	0.030 : (18, 36)
 235 : 1.2717963394608098
	0.034 : (8, 27)
	0.018 : (8, 28)
	0.027 : (8, 35)
	0.034 : (9, 26)
	0.019 : (9, 29)
	0.027 : (9, 34)
	0.012 : (10, 30)
	0.014 : (10, 32)
	0.012 : (11, 31)
	0.014 : (11, 33)
	0.010 : (12, 32)
	0.296 : (12, 36)
	0.010 : (13, 33)
	0.298 : (13, 37)
	0.014 : (14, 34)
	0.014 : (15, 35)
	0.013 : (16, 34)
	0.013 : (16, 39)
	0.013 : (17, 35)
	0.013 : (17, 38)
	0.020 : (18, 37)
	0.020 : (19, 36)
 236 : 1.2758877793249492
	0.065 : (7, 27)
	0.181 : (9, 31)
	0.043 : (10, 28)
	0.029 : (10, 38)
	0.014 : (12, 28)
	0.514 : (12, 38)
	0.017 : (14, 33)
	0.034 : (16, 33)
	0.049 : (19, 38)
 237 : 1.275887779324952
	0.032 : (6, 27)
	0.032 : (7, 26)
	0.090 : (8, 31)
	0.090 : (9, 30)
	0.022 : (10, 29)
	0.014 : (10, 39)
	0.022 : (11, 28)
	0.014 : (11, 38)
	0.257 : (12, 39)
	0.257 : (13, 38)
	0.017 : (16, 32)
	0.017 : (17, 33)
	0.025 : (18, 38)
	0.025 : (19, 39)
 238 : 1.275955870156184
	0.065 : (6, 26)
	0.184 : (8, 30)
	0.044 : (11, 29)
	0.029 : (11, 39)
	0.014 : (13, 29)
	0.514 : (13, 39)
	0.017 : (15, 32)
	0.033 : (17, 32)
	0.049 : (18, 39)
 239 : 1.2803016350514436
	0.114 : (6, 27)
	0.023 : (6, 28)
	0.114 : (7, 26)
	0.023 : (7, 29)
	0.170 : (8, 31)
	0.037 : (8, 33)
	0.170 : (9, 30)
	0.037 : (9, 32)
	0.022 : (10, 29)
	0.020 : (10, 39)
	0.022 : (11, 28)
	0.020 : (11, 38)
	0.063 : (12, 39)
	0.063 : (13, 38)
	0.010 : (14, 36)
	0.010 : (15, 37)
 240 : 1.2888540217472708
	0.014 : (7, 31)
	0.014 : (7, 37)
	0.044 : (9, 27)
	0.285 : (9, 35)
	0.010 : (10, 31)
	0.133 : (10, 33)
	0.106 : (10, 37)
	0.262 : (12, 37)
	0.012 : (14, 27)
	0.022 : (14, 38)
	0.033 : (16, 35)
	0.041 : (19, 37)
 241 : 1.2888557443861954
	0.022 : (8, 27)
	0.152 : (8, 35)
	0.022 : (9, 26)
	0.132 : (9, 34)
	0.067 : (10, 32)
	0.050 : (10, 36)
	0.066 : (11, 33)
	0.056 : (11, 37)
	0.134 : (12, 36)
	0.127 : (13, 37)
	0.010 : (14, 39)
	0.012 : (15, 38)
	0.017 : (16, 34)
	0.016 : (17, 35)
	0.018 : (18, 37)
	0.023 : (19, 36)
 242 : 1.2888774139592811
	0.014 : (6, 30)
	0.014 : (6, 36)
	0.044 : (8, 26)
	0.285 : (8, 34)
	0.010 : (11, 30)
	0.133 : (11, 32)
	0.106 : (11, 36)
	0.262 : (13, 36)
	0.012 : (15, 26)
	0.022 : (15, 39)
	0.033 : (17, 34)
	0.041 : (18, 36)
 243 : 1.2934493964166864
	0.252 : (8, 28)
	0.101 : (8, 35)
	0.251 : (9, 29)
	0.128 : (9, 34)
	0.043 : (10, 36)
	0.034 : (11, 37)
	0.010 : (14, 39)
	0.027 : (16, 39)
	0.028 : (17, 38)
	0.018 : (18, 37)
	0.015 : (19, 36)
 244 : 1.3063122432671737
	0.015 : (6, 31)
	0.011 : (6, 33)
	0.015 : (7, 30)
	0.011 : (7, 32)
	0.020 : (8, 27)
	0.050 : (8, 28)
	0.189 : (8, 35)
	0.019 : (9, 26)
	0.050 : (9, 29)
	0.180 : (9, 34)
	0.023 : (10, 32)
	0.033 : (10, 36)
	0.025 : (11, 33)
	0.034 : (11, 37)
	0.069 : (12, 36)
	0.071 : (13, 37)
	0.017 : (16, 34)
	0.017 : (16, 39)
	0.018 : (17, 35)
	0.018 : (17, 38)
	0.035 : (18, 37)
	0.034 : (19, 36)
 245 : 1.3149714323159682
	0.151 : (7, 27)
	0.237 : (7, 35)
	0.039 : (7, 38)
	0.031 : (9, 31)
	0.179 : (9, 33)
	0.054 : (9, 37)
	0.058 : (10, 28)
	0.070 : (10, 35)
	0.033 : (12, 38)
	0.037 : (14, 37)
	0.022 : (16, 37)
 246 : 1.3149714323159691
	0.075 : (6, 27)
	0.119 : (6, 35)
	0.020 : (6, 38)
	0.075 : (7, 26)
	0.010 : (7, 27)
	0.119 : (7, 34)
	0.016 : (7, 35)
	0.020 : (7, 39)
	0.016 : (8, 31)
	0.089 : (8, 33)
	0.027 : (8, 37)
	0.016 : (9, 30)
	0.089 : (9, 32)
	0.012 : (9, 33)
	0.027 : (9, 36)
	0.029 : (10, 29)
	0.035 : (10, 34)
	0.029 : (11, 28)
	0.035 : (11, 35)
	0.017 : (12, 39)
	0.017 : (13, 38)
	0.019 : (14, 36)
	0.019 : (15, 37)
	0.011 : (16, 36)
	0.011 : (17, 37)
 247 : 1.3149803382505247
	0.161 : (6, 26)
	0.253 : (6, 34)
	0.042 : (6, 39)
	0.033 : (8, 30)
	0.191 : (8, 32)
	0.058 : (8, 36)
	0.062 : (11, 29)
	0.075 : (11, 34)
	0.036 : (13, 39)
	0.040 : (15, 36)
	0.024 : (17, 36)
 248 : 1.330602519403383
	0.089 : (7, 31)
	0.135 : (7, 33)
	0.077 : (7, 37)
	0.045 : (9, 27)
	0.213 : (9, 28)
	0.023 : (9, 35)
	0.029 : (9, 38)
	0.077 : (10, 31)
	0.259 : (10, 37)
 249 : 1.3306113769574222
	0.044 : (6, 31)
	0.067 : (6, 33)
	0.038 : (6, 37)
	0.045 : (7, 30)
	0.068 : (7, 32)
	0.039 : (7, 36)
	0.023 : (8, 27)
	0.104 : (8, 28)
	0.012 : (8, 35)
	0.014 : (8, 38)
	0.023 : (9, 26)
	0.108 : (9, 29)
	0.012 : (9, 34)
	0.015 : (9, 39)
	0.039 : (10, 30)
	0.131 : (10, 36)
	0.039 : (11, 31)
	0.129 : (11, 37)
 250 : 1.3306170823293002
	0.089 : (6, 30)
	0.135 : (6, 32)
	0.077 : (6, 36)
	0.046 : (8, 26)
	0.212 : (8, 29)
	0.023 : (8, 34)
	0.029 : (8, 39)
	0.077 : (11, 30)
	0.260 : (11, 36)
 251 : 1.3316524562773053
	0.073 : (6, 27)
	0.072 : (6, 35)
	0.073 : (7, 26)
	0.072 : (7, 34)
	0.049 : (8, 31)
	0.070 : (8, 33)
	0.017 : (8, 37)
	0.049 : (9, 30)
	0.070 : (9, 32)
	0.017 : (9, 36)
	0.123 : (12, 39)
	0.123 : (13, 38)
	0.045 : (14, 36)
	0.045 : (15, 37)
	0.018 : (16, 36)
	0.018 : (17, 37)
 252 : 1.3606522969624626
	0.022 : (6, 27)
	0.030 : (6, 28)
	0.033 : (6, 35)
	0.022 : (7, 26)
	0.107 : (7, 27)
	0.147 : (7, 28)
	0.030 : (7, 29)
	0.033 : (7, 34)
	0.157 : (7, 35)
	0.011 : (7, 38)
	0.024 : (8, 33)
	0.028 : (9, 31)
	0.024 : (9, 32)
	0.115 : (9, 33)
	0.025 : (9, 37)
	0.033 : (10, 27)
	0.014 : (10, 35)
	0.041 : (12, 38)
 253 : 1.3606522969624633
	0.053 : (6, 27)
	0.073 : (6, 28)
	0.079 : (6, 35)
	0.053 : (7, 26)
	0.044 : (7, 27)
	0.061 : (7, 28)
	0.073 : (7, 29)
	0.079 : (7, 34)
	0.065 : (7, 35)
	0.014 : (8, 31)
	0.057 : (8, 33)
	0.013 : (8, 37)
	0.014 : (9, 30)
	0.011 : (9, 31)
	0.057 : (9, 32)
	0.048 : (9, 33)
	0.013 : (9, 36)
	0.010 : (9, 37)
	0.016 : (10, 26)
	0.014 : (10, 27)
	0.016 : (11, 27)
	0.017 : (12, 38)
	0.020 : (12, 39)
	0.020 : (13, 38)
 254 : 1.360669712984578
	0.151 : (6, 26)
	0.208 : (6, 29)
	0.223 : (6, 34)
	0.015 : (6, 39)
	0.039 : (8, 30)
	0.162 : (8, 32)
	0.036 : (8, 36)
	0.046 : (11, 26)
	0.011 : (11, 29)
	0.020 : (11, 34)
	0.058 : (13, 39)
 255 : 1.3613786675021695
	0.123 : (6, 27)
	0.053 : (6, 28)
	0.019 : (6, 35)
	0.123 : (7, 26)
	0.053 : (7, 29)
	0.019 : (7, 34)
	0.028 : (8, 31)
	0.111 : (8, 33)
	0.028 : (9, 30)
	0.111 : (9, 32)
	0.014 : (10, 26)
	0.025 : (10, 34)
	0.014 : (11, 27)
	0.025 : (11, 35)
	0.100 : (12, 39)
	0.100 : (13, 38)
 256 : 1.3802843527860498
	0.107 : (6, 31)
	0.067 : (6, 33)
	0.031 : (6, 37)
	0.109 : (7, 30)
	0.068 : (7, 32)
	0.031 : (7, 36)
	0.013 : (8, 27)
	0.035 : (8, 35)
	0.022 : (8, 38)
	0.013 : (9, 26)
	0.035 : (9, 34)
	0.022 : (9, 39)
	0.018 : (10, 30)
	0.174 : (10, 36)
	0.018 : (11, 31)
	0.178 : (11, 37)
 257 : 1.395887921119737
	0.048 : (6, 27)
	0.012 : (6, 38)
	0.048 : (7, 26)
	0.020 : (7, 27)
	0.012 : (7, 39)
	0.013 : (8, 33)
	0.013 : (9, 32)
	0.129 : (10, 38)
	0.314 : (10, 39)
	0.314 : (11, 38)
 258 : 1.3958879211197393
	0.097 : (7, 27)
	0.023 : (7, 38)
	0.026 : (9, 33)
	0.628 : (10, 38)
	0.064 : (10, 39)
	0.064 : (11, 38)
	0.014 : (14, 33)
 259 : 1.3958914294729685
	0.117 : (6, 26)
	0.028 : (6, 39)
	0.032 : (8, 32)
	0.756 : (11, 39)
	0.017 : (15, 32)
 260 : 1.4051322513594267
	0.032 : (6, 27)
	0.032 : (7, 26)
	0.017 : (8, 33)
	0.017 : (9, 32)
	0.408 : (10, 39)
	0.408 : (11, 38)
 261 : 1.4081957848448465
	0.186 : (7, 31)
	0.179 : (7, 33)
	0.013 : (9, 27)
	0.013 : (9, 28)
	0.089 : (9, 35)
	0.056 : (9, 38)
	0.018 : (10, 33)
	0.373 : (10, 37)
	0.014 : (14, 35)
 262 : 1.4082161941658788
	0.094 : (6, 31)
	0.090 : (6, 33)
	0.093 : (7, 30)
	0.089 : (7, 32)
	0.044 : (8, 35)
	0.028 : (8, 38)
	0.045 : (9, 34)
	0.028 : (9, 39)
	0.188 : (10, 36)
	0.185 : (11, 37)
 263 : 1.4082320477040433
	0.186 : (6, 30)
	0.179 : (6, 32)
	0.013 : (8, 26)
	0.013 : (8, 29)
	0.089 : (8, 34)
	0.056 : (8, 39)
	0.018 : (11, 32)
	0.372 : (11, 36)
	0.014 : (15, 34)
 264 : 1.4205901101760778
	0.157 : (6, 31)
	0.066 : (6, 33)
	0.157 : (7, 30)
	0.066 : (7, 32)
	0.012 : (8, 28)
	0.026 : (8, 35)
	0.013 : (8, 38)
	0.012 : (9, 29)
	0.026 : (9, 34)
	0.013 : (9, 39)
	0.201 : (10, 36)
	0.201 : (11, 37)
 265 : 1.4380121474054595
	0.339 : (6, 28)
	0.019 : (6, 35)
	0.339 : (7, 29)
	0.019 : (7, 34)
	0.013 : (8, 31)
	0.026 : (8, 33)
	0.013 : (9, 30)
	0.026 : (9, 32)
	0.031 : (12, 39)
	0.031 : (13, 38)
	0.030 : (14, 36)
	0.030 : (15, 37)
 266 : 1.441673613902631
	0.014 : (6, 27)
	0.260 : (6, 28)
	0.051 : (6, 35)
	0.011 : (6, 38)
	0.014 : (7, 26)
	0.260 : (7, 29)
	0.051 : (7, 34)
	0.011 : (7, 39)
	0.060 : (8, 31)
	0.026 : (8, 33)
	0.056 : (8, 37)
	0.060 : (9, 30)
	0.026 : (9, 32)
	0.056 : (9, 36)
 267 : 1.4416736139026336
	0.029 : (7, 27)
	0.520 : (7, 28)
	0.103 : (7, 35)
	0.022 : (7, 38)
	0.121 : (9, 31)
	0.051 : (9, 33)
	0.113 : (9, 37)
 268 : 1.4416753040189019
	0.029 : (6, 26)
	0.520 : (6, 29)
	0.103 : (6, 34)
	0.022 : (6, 39)
	0.121 : (8, 30)
	0.051 : (8, 32)
	0.113 : (8, 36)
 269 : 1.4547198113887747
	0.408 : (7, 31)
	0.244 : (7, 33)
	0.014 : (7, 37)
	0.023 : (9, 27)
	0.076 : (9, 28)
	0.015 : (9, 35)
	0.168 : (9, 38)
	0.022 : (10, 37)
 270 : 1.454750501344324
	0.205 : (6, 31)
	0.121 : (6, 33)
	0.204 : (7, 30)
	0.122 : (7, 32)
	0.011 : (8, 27)
	0.038 : (8, 28)
	0.084 : (8, 38)
	0.011 : (9, 26)
	0.038 : (9, 29)
	0.084 : (9, 39)
	0.011 : (10, 36)
	0.011 : (11, 37)
 271 : 1.4547755125745414
	0.410 : (6, 30)
	0.243 : (6, 32)
	0.014 : (6, 36)
	0.023 : (8, 26)
	0.075 : (8, 29)
	0.015 : (8, 34)
	0.168 : (8, 39)
	0.022 : (11, 36)
 272 : 1.4646765277659695
	0.018 : (6, 28)
	0.285 : (6, 35)
	0.018 : (7, 29)
	0.285 : (7, 34)
	0.036 : (8, 31)
	0.010 : (8, 33)
	0.070 : (8, 37)
	0.036 : (9, 30)
	0.010 : (9, 32)
	0.070 : (9, 36)
	0.034 : (12, 39)
	0.034 : (13, 38)
 273 : 1.4652701602887395
	0.156 : (6, 31)
	0.186 : (6, 33)
	0.156 : (7, 30)
	0.186 : (7, 32)
	0.024 : (8, 28)
	0.015 : (8, 35)
	0.093 : (8, 38)
	0.024 : (9, 29)
	0.016 : (9, 34)
	0.093 : (9, 39)
 274 : 1.5450891845590378
	0.013 : (6, 28)
	0.124 : (6, 35)
	0.018 : (6, 38)
	0.013 : (7, 29)
	0.124 : (7, 34)
	0.018 : (7, 39)
	0.307 : (8, 37)
	0.307 : (9, 36)
	0.011 : (10, 34)
	0.011 : (11, 35)
 275 : 1.5450891845590393
	0.027 : (7, 28)
	0.248 : (7, 35)
	0.035 : (7, 38)
	0.010 : (9, 31)
	0.613 : (9, 37)
	0.022 : (10, 35)
 276 : 1.5451069285317585
	0.027 : (6, 29)
	0.250 : (6, 34)
	0.036 : (6, 39)
	0.010 : (8, 30)
	0.617 : (8, 36)
	0.022 : (11, 34)
 277 : 1.5540845205319977
	0.012 : (6, 28)
	0.084 : (6, 35)
	0.013 : (6, 38)
	0.012 : (7, 29)
	0.084 : (7, 34)
	0.013 : (7, 39)
	0.365 : (8, 37)
	0.365 : (9, 36)
	0.011 : (10, 34)
	0.011 : (11, 35)
 278 : 1.5553998099332962
	0.011 : (7, 31)
	0.284 : (7, 33)
	0.053 : (7, 37)
	0.014 : (9, 28)
	0.586 : (9, 38)
	0.017 : (10, 33)
 279 : 1.5554088794025334
	0.142 : (6, 33)
	0.026 : (6, 37)
	0.142 : (7, 32)
	0.026 : (7, 36)
	0.292 : (8, 38)
	0.293 : (9, 39)
 280 : 1.5554165168396155
	0.011 : (6, 30)
	0.284 : (6, 32)
	0.053 : (6, 36)
	0.014 : (8, 29)
	0.585 : (8, 39)
	0.017 : (11, 32)
 281 : 1.5608185591192507
	0.130 : (6, 33)
	0.016 : (6, 37)
	0.130 : (7, 32)
	0.016 : (7, 36)
	0.326 : (8, 38)
	0.325 : (9, 39)
 282 : 1.613574667000501
	0.033 : (7, 31)
	0.033 : (7, 33)
	0.753 : (7, 37)
	0.089 : (9, 35)
	0.036 : (9, 38)
	0.033 : (10, 37)
 283 : 1.613592731058998
	0.016 : (6, 31)
	0.017 : (6, 33)
	0.376 : (6, 37)
	0.016 : (7, 30)
	0.017 : (7, 32)
	0.376 : (7, 36)
	0.044 : (8, 35)
	0.018 : (8, 38)
	0.044 : (9, 34)
	0.018 : (9, 39)
	0.016 : (10, 36)
	0.016 : (11, 37)
 284 : 1.6136083646100294
	0.033 : (6, 30)
	0.033 : (6, 32)
	0.753 : (6, 36)
	0.088 : (8, 34)
	0.036 : (8, 39)
	0.033 : (11, 36)
 285 : 1.6232470594777437
	0.013 : (6, 27)
	0.014 : (6, 35)
	0.395 : (6, 38)
	0.013 : (7, 26)
	0.014 : (7, 34)
	0.395 : (7, 39)
	0.038 : (8, 33)
	0.011 : (8, 37)
	0.038 : (9, 32)
	0.011 : (9, 36)
	0.012 : (10, 39)
	0.012 : (11, 38)
 286 : 1.6232470594777453
	0.025 : (7, 27)
	0.028 : (7, 35)
	0.789 : (7, 38)
	0.075 : (9, 33)
	0.023 : (9, 37)
	0.023 : (10, 38)
	0.016 : (12, 38)
 287 : 1.623255620258567
	0.025 : (6, 26)
	0.028 : (6, 34)
	0.789 : (6, 39)
	0.075 : (8, 32)
	0.023 : (8, 36)
	0.023 : (11, 39)
	0.016 : (13, 39)
 288 : 1.6322540310490186
	0.010 : (6, 33)
	0.426 : (6, 37)
	0.010 : (7, 32)
	0.426 : (7, 36)
	0.026 : (8, 35)
	0.026 : (9, 34)
 289 : 1.6464141982855938
	0.437 : (6, 38)
	0.437 : (7, 39)
	0.025 : (8, 33)
	0.010 : (8, 37)
	0.025 : (9, 32)
	0.010 : (9, 36)
 290 : 10.362641958288728
	0.154 : (2, 24)
	0.846 : (4, 23)
 291 : 10.362670931600421
	0.846 : (2, 23)
	0.154 : (4, 24)
 292 : 10.37931652797732
	0.149 : (3, 24)
	0.851 : (5, 23)
 293 : 10.379475657666369
	0.851 : (3, 23)
	0.149 : (5, 24)
 294 : 10.67078300670784
	1.000 : (0, 23)
 295 : 10.670787193001049
	1.000 : (1, 23)
 296 : 10.763077857324657
	1.000 : (1, 25)
 297 : 10.76307833200584
	0.500 : (0, 25)
	0.500 : (1, 24)
 298 : 10.76307879831564
	1.000 : (0, 24)
 299 : 10.791881263426978
	0.500 : (0, 25)
	0.500 : (1, 24)
 300 : 10.919680616827415
	1.000 : (5, 25)
 301 : 10.919721955427422
	1.000 : (3, 25)
 302 : 10.926860097554801
	0.999 : (2, 25)
 303 : 10.926868575147234
	0.999 : (4, 25)
 304 : 11.017507956950393
	0.018 : (2, 31)
	0.192 : (2, 33)
	0.018 : (3, 30)
	0.192 : (3, 32)
	0.178 : (4, 27)
	0.069 : (4, 28)
	0.032 : (4, 38)
	0.178 : (5, 26)
	0.069 : (5, 29)
	0.032 : (5, 39)
 305 : 11.017507956950395
	0.036 : (3, 31)
	0.385 : (3, 33)
	0.019 : (3, 37)
	0.356 : (5, 27)
	0.138 : (5, 28)
	0.065 : (5, 38)
 306 : 11.017511822845044
	0.355 : (3, 27)
	0.138 : (3, 28)
	0.065 : (3, 38)
	0.037 : (5, 31)
	0.385 : (5, 33)
	0.019 : (5, 37)
 307 : 11.017515861425498
	0.035 : (2, 30)
	0.385 : (2, 32)
	0.019 : (2, 36)
	0.357 : (4, 26)
	0.136 : (4, 29)
	0.065 : (4, 39)
 308 : 11.017516141209173
	0.178 : (2, 27)
	0.069 : (2, 28)
	0.032 : (2, 38)
	0.178 : (3, 26)
	0.069 : (3, 29)
	0.032 : (3, 39)
	0.018 : (4, 31)
	0.193 : (4, 33)
	0.018 : (5, 30)
	0.193 : (5, 32)
 309 : 11.017520347602987
	0.357 : (2, 26)
	0.137 : (2, 29)
	0.065 : (2, 39)
	0.036 : (4, 30)
	0.385 : (4, 32)
	0.019 : (4, 36)
 310 : 11.019974842296984
	0.072 : (3, 27)
	0.300 : (3, 28)
	0.118 : (3, 35)
	0.028 : (3, 38)
	0.415 : (5, 31)
	0.017 : (5, 33)
	0.050 : (5, 37)
 311 : 11.019975581276055
	0.204 : (2, 31)
	0.025 : (2, 37)
	0.204 : (3, 30)
	0.025 : (3, 36)
	0.035 : (4, 27)
	0.147 : (4, 28)
	0.058 : (4, 35)
	0.014 : (4, 38)
	0.035 : (5, 26)
	0.147 : (5, 29)
	0.058 : (5, 34)
	0.014 : (5, 39)
 312 : 11.01997558127606
	0.408 : (3, 31)
	0.016 : (3, 33)
	0.049 : (3, 37)
	0.070 : (5, 27)
	0.295 : (5, 28)
	0.115 : (5, 35)
	0.027 : (5, 38)
 313 : 11.019980012115544
	0.036 : (2, 27)
	0.150 : (2, 28)
	0.059 : (2, 35)
	0.014 : (2, 38)
	0.036 : (3, 26)
	0.150 : (3, 29)
	0.059 : (3, 34)
	0.014 : (3, 39)
	0.208 : (4, 31)
	0.025 : (4, 37)
	0.208 : (5, 30)
	0.025 : (5, 36)
 314 : 11.019985086406223
	0.071 : (2, 26)
	0.301 : (2, 29)
	0.118 : (2, 34)
	0.027 : (2, 39)
	0.416 : (4, 30)
	0.016 : (4, 32)
	0.050 : (4, 36)
 315 : 11.01998514371017
	0.417 : (2, 30)
	0.016 : (2, 32)
	0.050 : (2, 36)
	0.071 : (4, 26)
	0.302 : (4, 29)
	0.118 : (4, 34)
	0.027 : (4, 39)
 316 : 11.021175069543595
	0.154 : (2, 23)
	0.846 : (4, 24)
 317 : 11.021204649690134
	0.846 : (2, 24)
	0.154 : (4, 23)
 318 : 11.022585058354315
	0.148 : (3, 23)
	0.851 : (5, 24)
 319 : 11.022605461710663
	0.851 : (3, 24)
	0.148 : (5, 23)
 320 : 11.026634727866144
	0.675 : (1, 27)
	0.057 : (1, 28)
	0.097 : (1, 35)
	0.170 : (1, 38)
 321 : 11.026634727866163
	0.338 : (0, 27)
	0.028 : (0, 28)
	0.049 : (0, 35)
	0.085 : (0, 38)
	0.338 : (1, 26)
	0.028 : (1, 29)
	0.049 : (1, 34)
	0.085 : (1, 39)
 322 : 11.026634728168819
	0.676 : (0, 26)
	0.057 : (0, 29)
	0.097 : (0, 34)
	0.170 : (0, 39)
 323 : 11.059946750074928
	0.211 : (2, 27)
	0.028 : (2, 35)
	0.041 : (2, 38)
	0.211 : (3, 26)
	0.028 : (3, 34)
	0.041 : (3, 39)
	0.036 : (4, 31)
	0.155 : (4, 33)
	0.026 : (4, 37)
	0.036 : (5, 30)
	0.155 : (5, 32)
	0.026 : (5, 36)
 324 : 11.060194953390987
	0.036 : (2, 31)
	0.154 : (2, 33)
	0.026 : (2, 37)
	0.036 : (3, 30)
	0.154 : (3, 32)
	0.026 : (3, 36)
	0.210 : (4, 27)
	0.028 : (4, 35)
	0.041 : (4, 38)
	0.210 : (5, 26)
	0.028 : (5, 34)
	0.041 : (5, 39)
 325 : 11.071945762651415
	0.372 : (0, 27)
	0.013 : (0, 28)
	0.017 : (0, 35)
	0.094 : (0, 38)
	0.372 : (1, 26)
	0.013 : (1, 29)
	0.017 : (1, 34)
	0.094 : (1, 39)
 326 : 11.08806667602945
	0.171 : (2, 28)
	0.079 : (2, 35)
	0.171 : (3, 29)
	0.078 : (3, 34)
	0.146 : (4, 31)
	0.069 : (4, 33)
	0.020 : (4, 37)
	0.146 : (5, 30)
	0.069 : (5, 32)
	0.020 : (5, 36)
 327 : 11.088328027975669
	0.146 : (2, 31)
	0.069 : (2, 33)
	0.020 : (2, 37)
	0.146 : (3, 30)
	0.069 : (3, 32)
	0.020 : (3, 36)
	0.171 : (4, 28)
	0.077 : (4, 35)
	0.171 : (5, 29)
	0.077 : (5, 34)
 328 : 11.098831330283886
	0.026 : (2, 31)
	0.061 : (2, 33)
	0.107 : (2, 37)
	0.026 : (3, 30)
	0.061 : (3, 32)
	0.107 : (3, 36)
	0.012 : (4, 27)
	0.023 : (4, 28)
	0.207 : (4, 35)
	0.060 : (4, 38)
	0.012 : (5, 26)
	0.023 : (5, 29)
	0.207 : (5, 34)
	0.060 : (5, 39)
 329 : 11.098831330283891
	0.052 : (3, 31)
	0.123 : (3, 33)
	0.214 : (3, 37)
	0.025 : (5, 27)
	0.046 : (5, 28)
	0.415 : (5, 35)
	0.120 : (5, 38)
 330 : 11.0988382165541
	0.052 : (2, 30)
	0.124 : (2, 32)
	0.215 : (2, 36)
	0.025 : (4, 26)
	0.046 : (4, 29)
	0.417 : (4, 34)
	0.121 : (4, 39)
 331 : 11.098841123198003
	0.025 : (3, 27)
	0.046 : (3, 28)
	0.417 : (3, 35)
	0.121 : (3, 38)
	0.052 : (5, 31)
	0.124 : (5, 33)
	0.215 : (5, 37)
 332 : 11.098845243354834
	0.012 : (2, 27)
	0.023 : (2, 28)
	0.209 : (2, 35)
	0.060 : (2, 38)
	0.012 : (3, 26)
	0.023 : (3, 29)
	0.209 : (3, 34)
	0.060 : (3, 39)
	0.026 : (4, 31)
	0.062 : (4, 33)
	0.108 : (4, 37)
	0.026 : (5, 30)
	0.062 : (5, 32)
	0.108 : (5, 36)
 333 : 11.098849275464016
	0.025 : (2, 26)
	0.046 : (2, 29)
	0.417 : (2, 34)
	0.121 : (2, 39)
	0.052 : (4, 30)
	0.124 : (4, 32)
	0.215 : (4, 36)
 334 : 11.110144811336307
	0.028 : (0, 27)
	0.128 : (0, 28)
	0.272 : (0, 35)
	0.073 : (0, 38)
	0.028 : (1, 26)
	0.128 : (1, 29)
	0.272 : (1, 34)
	0.073 : (1, 39)
 335 : 11.110144811336323
	0.055 : (1, 27)
	0.256 : (1, 28)
	0.543 : (1, 35)
	0.145 : (1, 38)
 336 : 11.110144811339868
	0.055 : (0, 26)
	0.256 : (0, 29)
	0.543 : (0, 34)
	0.145 : (0, 39)
 337 : 11.124980791093423
	0.374 : (1, 31)
	0.115 : (1, 33)
	0.511 : (1, 37)
 338 : 11.12498080574982
	0.187 : (0, 31)
	0.058 : (0, 33)
	0.255 : (0, 37)
	0.187 : (1, 30)
	0.058 : (1, 32)
	0.255 : (1, 36)
 339 : 11.124980820098589
	0.374 : (0, 30)
	0.115 : (0, 32)
	0.511 : (0, 36)
 340 : 11.163714184590773
	0.021 : (2, 27)
	0.070 : (2, 28)
	0.164 : (2, 35)
	0.049 : (2, 38)
	0.021 : (3, 26)
	0.070 : (3, 29)
	0.164 : (3, 34)
	0.049 : (3, 39)
	0.070 : (4, 31)
	0.036 : (4, 33)
	0.084 : (4, 37)
	0.070 : (5, 30)
	0.036 : (5, 32)
	0.084 : (5, 36)
 341 : 11.164034268557913
	0.070 : (2, 31)
	0.037 : (2, 33)
	0.086 : (2, 37)
	0.070 : (3, 30)
	0.037 : (3, 32)
	0.086 : (3, 36)
	0.021 : (4, 27)
	0.070 : (4, 28)
	0.166 : (4, 35)
	0.050 : (4, 38)
	0.021 : (5, 26)
	0.070 : (5, 29)
	0.166 : (5, 34)
	0.050 : (5, 39)
 342 : 11.17202108124971
	0.201 : (0, 31)
	0.061 : (0, 33)
	0.232 : (0, 37)
	0.201 : (1, 30)
	0.061 : (1, 32)
	0.232 : (1, 36)
 343 : 11.195255426398901
	0.158 : (0, 28)
	0.292 : (0, 35)
	0.042 : (0, 38)
	0.158 : (1, 29)
	0.292 : (1, 34)
	0.042 : (1, 39)
 344 : 11.431353277898667
	0.050 : (3, 31)
	0.137 : (3, 33)
	0.015 : (3, 37)
	0.477 : (5, 27)
	0.131 : (5, 28)
	0.135 : (5, 35)
	0.054 : (5, 38)
 345 : 11.431353277898683
	0.025 : (2, 31)
	0.069 : (2, 33)
	0.025 : (3, 30)
	0.069 : (3, 32)
	0.239 : (4, 27)
	0.066 : (4, 28)
	0.067 : (4, 35)
	0.027 : (4, 38)
	0.239 : (5, 26)
	0.066 : (5, 29)
	0.067 : (5, 34)
	0.027 : (5, 39)
 346 : 11.431353281744652
	0.050 : (2, 30)
	0.137 : (2, 32)
	0.015 : (2, 36)
	0.478 : (4, 26)
	0.131 : (4, 29)
	0.135 : (4, 34)
	0.054 : (4, 39)
 347 : 11.431378510258574
	0.478 : (3, 27)
	0.131 : (3, 28)
	0.135 : (3, 35)
	0.054 : (3, 38)
	0.050 : (5, 31)
	0.137 : (5, 33)
	0.015 : (5, 37)
 348 : 11.431378543835502
	0.239 : (2, 27)
	0.066 : (2, 28)
	0.067 : (2, 35)
	0.027 : (2, 38)
	0.239 : (3, 26)
	0.066 : (3, 29)
	0.067 : (3, 34)
	0.027 : (3, 39)
	0.025 : (4, 31)
	0.069 : (4, 33)
	0.025 : (5, 30)
	0.069 : (5, 32)
 349 : 11.431378576683906
	0.478 : (2, 26)
	0.131 : (2, 29)
	0.135 : (2, 34)
	0.054 : (2, 39)
	0.050 : (4, 30)
	0.137 : (4, 32)
	0.015 : (4, 36)
 350 : 11.433501405938946
	0.029 : (2, 31)
	0.073 : (2, 33)
	0.029 : (3, 30)
	0.073 : (3, 32)
	0.224 : (4, 27)
	0.071 : (4, 28)
	0.070 : (4, 35)
	0.026 : (4, 38)
	0.224 : (5, 26)
	0.071 : (5, 29)
	0.070 : (5, 34)
	0.026 : (5, 39)
 351 : 11.43351138866171
	0.224 : (2, 27)
	0.071 : (2, 28)
	0.070 : (2, 35)
	0.026 : (2, 38)
	0.224 : (3, 26)
	0.071 : (3, 29)
	0.070 : (3, 34)
	0.026 : (3, 39)
	0.029 : (4, 31)
	0.073 : (4, 33)
	0.029 : (5, 30)
	0.073 : (5, 32)
 352 : 11.474318568170952
	0.329 : (0, 28)
	0.167 : (0, 35)
	0.329 : (1, 29)
	0.167 : (1, 34)
 353 : 11.47431856817097
	0.659 : (1, 28)
	0.333 : (1, 35)
 354 : 11.474318568182344
	0.663 : (0, 29)
	0.335 : (0, 34)
 355 : 11.475364840509926
	0.319 : (0, 28)
	0.181 : (0, 35)
	0.319 : (1, 29)
	0.181 : (1, 34)
 356 : 11.499367612682851
	0.231 : (1, 31)
	0.769 : (1, 33)
 357 : 11.499367618573524
	0.115 : (0, 31)
	0.385 : (0, 33)
	0.115 : (1, 30)
	0.384 : (1, 32)
 358 : 11.499367624342412
	0.231 : (0, 30)
	0.769 : (0, 32)
 359 : 11.49938354051659
	0.113 : (0, 31)
	0.387 : (0, 33)
	0.113 : (1, 30)
	0.387 : (1, 32)
 360 : 11.507002770744878
	0.051 : (3, 27)
	0.354 : (3, 28)
	0.014 : (3, 35)
	0.059 : (3, 38)
	0.429 : (5, 31)
	0.048 : (5, 33)
	0.045 : (5, 37)
 361 : 11.507002779473206
	0.026 : (2, 27)
	0.177 : (2, 28)
	0.029 : (2, 38)
	0.026 : (3, 26)
	0.177 : (3, 29)
	0.029 : (3, 39)
	0.214 : (4, 31)
	0.024 : (4, 33)
	0.023 : (4, 37)
	0.214 : (5, 30)
	0.024 : (5, 32)
	0.023 : (5, 36)
 362 : 11.507002788017264
	0.051 : (2, 26)
	0.354 : (2, 29)
	0.014 : (2, 34)
	0.059 : (2, 39)
	0.429 : (4, 30)
	0.048 : (4, 32)
	0.045 : (4, 36)
 363 : 11.50700483746169
	0.146 : (2, 31)
	0.016 : (2, 33)
	0.015 : (2, 37)
	0.146 : (3, 30)
	0.138 : (3, 31)
	0.016 : (3, 32)
	0.015 : (3, 33)
	0.015 : (3, 36)
	0.014 : (3, 37)
	0.017 : (4, 27)
	0.120 : (4, 28)
	0.020 : (4, 38)
	0.017 : (5, 26)
	0.016 : (5, 27)
	0.114 : (5, 28)
	0.120 : (5, 29)
	0.019 : (5, 38)
	0.020 : (5, 39)
 364 : 11.507004837461691
	0.069 : (2, 31)
	0.069 : (3, 30)
	0.291 : (3, 31)
	0.032 : (3, 33)
	0.031 : (3, 37)
	0.057 : (4, 28)
	0.035 : (5, 27)
	0.240 : (5, 28)
	0.057 : (5, 29)
	0.040 : (5, 38)
 365 : 11.507004877771475
	0.429 : (2, 30)
	0.048 : (2, 32)
	0.045 : (2, 36)
	0.051 : (4, 26)
	0.354 : (4, 29)
	0.014 : (4, 34)
	0.059 : (4, 39)
 366 : 11.508258217110132
	0.026 : (2, 27)
	0.172 : (2, 28)
	0.030 : (2, 38)
	0.026 : (3, 26)
	0.172 : (3, 29)
	0.030 : (3, 39)
	0.211 : (4, 31)
	0.028 : (4, 33)
	0.023 : (4, 37)
	0.211 : (5, 30)
	0.028 : (5, 32)
	0.023 : (5, 36)
 367 : 11.508267957364177
	0.211 : (2, 31)
	0.028 : (2, 33)
	0.023 : (2, 37)
	0.211 : (3, 30)
	0.028 : (3, 32)
	0.023 : (3, 36)
	0.026 : (4, 27)
	0.172 : (4, 28)
	0.030 : (4, 38)
	0.026 : (5, 26)
	0.172 : (5, 29)
	0.030 : (5, 39)
 368 : 11.53245964564849
	0.268 : (1, 27)
	0.024 : (1, 28)
	0.024 : (1, 35)
	0.681 : (1, 38)
 369 : 11.532459645648498
	0.134 : (0, 27)
	0.012 : (0, 28)
	0.012 : (0, 35)
	0.341 : (0, 38)
	0.134 : (1, 26)
	0.012 : (1, 29)
	0.012 : (1, 34)
	0.341 : (1, 39)
 370 : 11.532459645664764
	0.269 : (0, 26)
	0.024 : (0, 29)
	0.024 : (0, 34)
	0.683 : (0, 39)
 371 : 11.537769568076172
	0.395 : (1, 31)
	0.115 : (1, 33)
	0.489 : (1, 37)
 372 : 11.537769572182672
	0.198 : (0, 31)
	0.058 : (0, 33)
	0.245 : (0, 37)
	0.198 : (1, 30)
	0.058 : (1, 32)
	0.245 : (1, 36)
 373 : 11.53776957620269
	0.395 : (0, 30)
	0.115 : (0, 32)
	0.489 : (0, 36)
 374 : 11.542048428403518
	0.118 : (0, 27)
	0.010 : (0, 28)
	0.362 : (0, 38)
	0.118 : (1, 26)
	0.010 : (1, 29)
	0.362 : (1, 39)
 375 : 11.543373251836897
	0.183 : (0, 31)
	0.051 : (0, 33)
	0.265 : (0, 37)
	0.183 : (1, 30)
	0.051 : (1, 32)
	0.265 : (1, 36)
 376 : 11.645261531627744
	0.022 : (3, 28)
	0.170 : (3, 35)
	0.248 : (3, 38)
	0.130 : (5, 33)
	0.424 : (5, 37)
 377 : 11.645261536484293
	0.011 : (2, 28)
	0.085 : (2, 35)
	0.124 : (2, 38)
	0.011 : (3, 29)
	0.085 : (3, 34)
	0.124 : (3, 39)
	0.065 : (4, 33)
	0.212 : (4, 37)
	0.065 : (5, 32)
	0.212 : (5, 36)
 378 : 11.64526154123702
	0.022 : (2, 29)
	0.170 : (2, 34)
	0.248 : (2, 39)
	0.130 : (4, 32)
	0.424 : (4, 36)
 379 : 11.645267007082994
	0.065 : (2, 33)
	0.212 : (2, 37)
	0.065 : (3, 32)
	0.212 : (3, 36)
	0.011 : (4, 28)
	0.085 : (4, 35)
	0.124 : (4, 38)
	0.011 : (5, 29)
	0.085 : (5, 34)
	0.124 : (5, 39)
 380 : 11.645267007083
	0.130 : (3, 33)
	0.423 : (3, 37)
	0.022 : (5, 28)
	0.169 : (5, 35)
	0.248 : (5, 38)
 381 : 11.645267027060976
	0.130 : (2, 32)
	0.424 : (2, 36)
	0.022 : (4, 29)
	0.170 : (4, 34)
	0.248 : (4, 39)
 382 : 11.647307674296524
	0.011 : (2, 28)
	0.079 : (2, 35)
	0.129 : (2, 38)
	0.011 : (3, 29)
	0.079 : (3, 34)
	0.129 : (3, 39)
	0.061 : (4, 33)
	0.216 : (4, 37)
	0.061 : (5, 32)
	0.216 : (5, 36)
 383 : 11.647323610017299
	0.061 : (2, 33)
	0.216 : (2, 37)
	0.061 : (3, 32)
	0.216 : (3, 36)
	0.011 : (4, 28)
	0.079 : (4, 35)
	0.130 : (4, 38)
	0.011 : (5, 29)
	0.079 : (5, 34)
	0.130 : (5, 39)
 384 : 11.680074409030999
	0.080 : (2, 33)
	0.116 : (2, 37)
	0.080 : (3, 32)
	0.116 : (3, 36)
	0.072 : (4, 35)
	0.213 : (4, 38)
	0.072 : (5, 34)
	0.213 : (5, 39)
 385 : 11.680074409031011
	0.011 : (3, 31)
	0.160 : (3, 33)
	0.233 : (3, 37)
	0.018 : (5, 27)
	0.145 : (5, 35)
	0.425 : (5, 38)
 386 : 11.680074638997564
	0.011 : (2, 30)
	0.160 : (2, 32)
	0.233 : (2, 36)
	0.018 : (4, 26)
	0.145 : (4, 34)
	0.426 : (4, 39)
 387 : 11.68008194954682
	0.018 : (3, 27)
	0.145 : (3, 35)
	0.426 : (3, 38)
	0.011 : (5, 31)
	0.160 : (5, 33)
	0.232 : (5, 37)
 388 : 11.680082062625731
	0.072 : (2, 35)
	0.213 : (2, 38)
	0.072 : (3, 34)
	0.213 : (3, 39)
	0.080 : (4, 33)
	0.116 : (4, 37)
	0.080 : (5, 32)
	0.116 : (5, 36)
 389 : 11.68008217338868
	0.018 : (2, 26)
	0.145 : (2, 34)
	0.426 : (2, 39)
	0.011 : (4, 30)
	0.160 : (4, 32)
	0.232 : (4, 36)
 390 : 11.682431976239764
	0.069 : (2, 35)
	0.216 : (2, 38)
	0.069 : (3, 34)
	0.216 : (3, 39)
	0.076 : (4, 33)
	0.122 : (4, 37)
	0.076 : (5, 32)
	0.122 : (5, 36)
 391 : 11.682438284642165
	0.076 : (2, 33)
	0.122 : (2, 37)
	0.076 : (3, 32)
	0.122 : (3, 36)
	0.069 : (4, 35)
	0.216 : (4, 38)
	0.069 : (5, 34)
	0.216 : (5, 39)
