 1 : 0.28725545622653254
	1.000 : (9, 10)
 2 : 0.28725545622653287
	1.000 : (8, 11)
 3 : 0.28725545622653414
	0.500 : (8, 10)
	0.500 : (9, 11)
 4 : 0.34442488669874666
	0.051 : (4, 12)
	0.051 : (5, 13)
	0.444 : (6, 10)
	0.444 : (7, 11)
 5 : 0.344424886698748
	0.097 : (5, 12)
	0.040 : (6, 11)
	0.848 : (7, 10)
 6 : 0.344424886698749
	0.097 : (4, 13)
	0.848 : (6, 11)
	0.040 : (7, 10)
 7 : 0.3564617121734587
	0.500 : (8, 10)
	0.500 : (9, 11)
 8 : 0.36598893077621275
	0.500 : (8, 12)
	0.500 : (9, 13)
 9 : 0.3659889307762128
	0.717 : (8, 13)
	0.283 : (9, 12)
 10 : 0.3659889307762128
	0.283 : (8, 13)
	0.717 : (9, 12)
 11 : 0.39451369406960013
	0.096 : (4, 10)
	0.212 : (5, 10)
	0.096 : (5, 11)
	0.140 : (6, 12)
	0.308 : (7, 12)
	0.140 : (7, 13)
 12 : 0.3945136940696002
	0.107 : (4, 10)
	0.190 : (5, 10)
	0.107 : (5, 11)
	0.156 : (6, 12)
	0.277 : (7, 12)
	0.156 : (7, 13)
 13 : 0.3945136940696009
	0.402 : (4, 11)
	0.585 : (6, 13)
 14 : 0.41607166616159746
	0.500 : (8, 12)
	0.500 : (9, 13)
 15 : 0.5056282286770248
	0.059 : (4, 12)
	0.059 : (5, 13)
	0.439 : (6, 10)
	0.439 : (7, 11)
 16 : 0.5142899425828346
	0.077 : (4, 10)
	0.424 : (5, 10)
	0.077 : (5, 11)
	0.054 : (6, 12)
	0.299 : (7, 12)
	0.054 : (7, 13)
 17 : 0.5142899425828354
	0.210 : (4, 10)
	0.155 : (5, 10)
	0.210 : (5, 11)
	0.148 : (6, 12)
	0.109 : (7, 12)
	0.148 : (7, 13)
 18 : 0.5142899425828368
	0.013 : (2, 13)
	0.574 : (4, 11)
	0.404 : (6, 13)
 19 : 0.5551917928811714
	0.153 : (4, 10)
	0.153 : (5, 11)
	0.347 : (6, 12)
	0.347 : (7, 13)
 20 : 0.5630556615150553
	0.438 : (4, 12)
	0.438 : (5, 13)
	0.054 : (6, 10)
	0.054 : (7, 11)
 21 : 0.5630556615150615
	0.013 : (3, 10)
	0.118 : (4, 13)
	0.758 : (5, 12)
	0.015 : (6, 11)
	0.094 : (7, 10)
 22 : 0.5630556615150644
	0.013 : (2, 11)
	0.758 : (4, 13)
	0.118 : (5, 12)
	0.094 : (6, 11)
	0.015 : (7, 10)
 23 : 0.6553183778601618
	0.347 : (4, 10)
	0.347 : (5, 11)
	0.152 : (6, 12)
	0.152 : (7, 13)
 24 : 0.9101216301477404
	0.018 : (2, 10)
	0.018 : (3, 11)
	0.428 : (4, 12)
	0.428 : (5, 13)
	0.054 : (6, 10)
	0.054 : (7, 11)
 25 : 1.1087708991988632
	0.931 : (2, 11)
	0.045 : (3, 10)
	0.021 : (4, 13)
 26 : 1.1087708991988663
	0.488 : (2, 10)
	0.488 : (3, 11)
	0.011 : (4, 12)
	0.011 : (5, 13)
 27 : 1.1087708991988683
	0.045 : (2, 11)
	0.931 : (3, 10)
	0.021 : (5, 12)
 28 : 1.2000960301593984
	0.012 : (2, 12)
	0.272 : (2, 13)
	0.687 : (3, 12)
	0.012 : (3, 13)
	0.010 : (5, 10)
 29 : 1.2000960301593988
	0.474 : (2, 12)
	0.031 : (2, 13)
	0.474 : (3, 13)
 30 : 1.2000960301594006
	0.681 : (2, 13)
	0.291 : (3, 12)
	0.010 : (4, 11)
 31 : 1.3007851354344286
	0.480 : (2, 10)
	0.480 : (3, 11)
	0.012 : (4, 12)
	0.012 : (5, 13)
 32 : 1.325761953412849
	0.499 : (2, 12)
	0.499 : (3, 13)
 33 : 19.958526358576254
	0.127 : (0, 10)
	0.744 : (0, 11)
	0.127 : (1, 11)
 34 : 19.958526358576265
	0.364 : (0, 10)
	0.236 : (0, 11)
	0.037 : (1, 10)
	0.364 : (1, 11)
 35 : 19.958526358576265
	0.020 : (0, 11)
	0.961 : (1, 10)
 36 : 20.010979361800633
	0.500 : (0, 10)
	0.500 : (1, 11)
 37 : 20.011342081945823
	0.939 : (0, 13)
	0.061 : (1, 12)
 38 : 20.011342081945877
	0.323 : (0, 12)
	0.018 : (0, 13)
	0.335 : (1, 12)
	0.323 : (1, 13)
 39 : 20.01134208194588
	0.176 : (0, 12)
	0.043 : (0, 13)
	0.604 : (1, 12)
	0.176 : (1, 13)
 40 : 20.05053192952546
	0.500 : (0, 12)
	0.500 : (1, 13)
