scf energy for rhf: -74.94207989894701
 1 : 0.28725544198149866
	0.500 : (8, 10)
	0.500 : (9, 11)
 2 : 0.2872554419814988
	1.000 : (9, 10)
 3 : 0.2872554419814991
	1.000 : (8, 11)
 4 : 0.3444249201310684
	0.051 : (4, 12)
	0.051 : (5, 13)
	0.444 : (6, 10)
	0.444 : (7, 11)
 5 : 0.34442492013106957
	0.094 : (5, 12)
	0.068 : (6, 11)
	0.821 : (7, 10)
 6 : 0.34442492013107073
	0.094 : (4, 13)
	0.821 : (6, 11)
	0.068 : (7, 10)
 7 : 0.35646169696720426
	0.500 : (8, 10)
	0.500 : (9, 11)
 8 : 0.36598892718603865
	0.078 : (8, 13)
	0.922 : (9, 12)
 9 : 0.3659889271860388
	0.922 : (8, 13)
	0.078 : (9, 12)
 10 : 0.3659889271860392
	0.500 : (8, 12)
	0.500 : (9, 13)
 11 : 0.3945137153169465
	0.405 : (4, 11)
	0.589 : (6, 13)
 12 : 0.3945137153169475
	0.198 : (4, 10)
	0.198 : (5, 11)
	0.288 : (6, 12)
	0.014 : (7, 12)
	0.288 : (7, 13)
 13 : 0.39451371531694757
	0.396 : (5, 10)
	0.575 : (7, 12)
 14 : 0.41607167150709046
	0.500 : (8, 12)
	0.500 : (9, 13)
 15 : 0.5056282302497385
	0.059 : (4, 12)
	0.059 : (5, 13)
	0.439 : (6, 10)
	0.439 : (7, 11)
 16 : 0.5142899239324126
	0.012 : (2, 13)
	0.014 : (4, 10)
	0.539 : (4, 11)
	0.012 : (5, 10)
	0.014 : (5, 11)
	0.379 : (6, 13)
 17 : 0.5142899239324151
	0.077 : (4, 10)
	0.034 : (4, 11)
	0.390 : (5, 10)
	0.077 : (5, 11)
	0.055 : (6, 12)
	0.024 : (6, 13)
	0.275 : (7, 12)
	0.055 : (7, 13)
 18 : 0.5142899239324153
	0.198 : (4, 10)
	0.177 : (5, 10)
	0.198 : (5, 11)
	0.139 : (6, 12)
	0.124 : (7, 12)
	0.139 : (7, 13)
 19 : 0.5551918093227328
	0.153 : (4, 10)
	0.153 : (5, 11)
	0.347 : (6, 12)
	0.347 : (7, 13)
 20 : 0.5630556748891912
	0.015 : (2, 11)
	0.876 : (4, 13)
	0.109 : (6, 11)
 21 : 0.5630556748891917
	0.015 : (3, 10)
	0.876 : (5, 12)
	0.109 : (7, 10)
 22 : 0.5630556748891924
	0.438 : (4, 12)
	0.438 : (5, 13)
	0.054 : (6, 10)
	0.054 : (7, 11)
 23 : 0.6553183725387373
	0.347 : (4, 10)
	0.347 : (5, 11)
	0.152 : (6, 12)
	0.152 : (7, 13)
 24 : 0.9101216155272904
	0.018 : (2, 10)
	0.018 : (3, 11)
	0.428 : (4, 12)
	0.428 : (5, 13)
	0.054 : (6, 10)
	0.054 : (7, 11)
 25 : 1.1087708830815526
	0.488 : (2, 10)
	0.488 : (3, 11)
	0.011 : (4, 12)
	0.011 : (5, 13)
 26 : 1.1087708830815546
	0.744 : (2, 11)
	0.231 : (3, 10)
	0.017 : (4, 13)
 27 : 1.1087708830815572
	0.231 : (2, 11)
	0.744 : (3, 10)
	0.017 : (5, 12)
 28 : 1.2000960373002847
	0.183 : (2, 12)
	0.178 : (2, 13)
	0.440 : (3, 12)
	0.183 : (3, 13)
 29 : 1.2000960373002862
	0.307 : (2, 12)
	0.149 : (2, 13)
	0.220 : (3, 12)
	0.307 : (3, 13)
 30 : 1.2000960373002871
	0.657 : (2, 13)
	0.324 : (3, 12)
 31 : 1.3007851088961082
	0.480 : (2, 10)
	0.480 : (3, 11)
	0.012 : (4, 12)
	0.012 : (5, 13)
 32 : 1.3257619770159446
	0.499 : (2, 12)
	0.499 : (3, 13)
 33 : 19.958526372107706
	0.074 : (0, 10)
	0.842 : (1, 10)
	0.074 : (1, 11)
 34 : 19.958526372107706
	0.424 : (0, 10)
	0.151 : (1, 10)
	0.424 : (1, 11)
 35 : 19.958526372107727
	0.990 : (0, 11)
 36 : 20.010979374958115
	0.500 : (0, 10)
	0.500 : (1, 11)
 37 : 20.01134204111121
	0.248 : (0, 13)
	0.752 : (1, 12)
 38 : 20.011342041111234
	0.748 : (0, 13)
	0.246 : (1, 12)
 39 : 20.011342041111245
	0.497 : (0, 12)
	0.497 : (1, 13)
 40 : 20.050531894126447
	0.500 : (0, 12)
	0.500 : (1, 13)
