 1 : 0.2872554515735156
	1.000 : (9, 10)
 2 : 0.28725545157351595
	0.500 : (8, 10)
	0.500 : (9, 11)
 3 : 0.2872554515735162
	1.000 : (8, 11)
 4 : 0.34442489761904305
	0.051 : (4, 13)
	0.051 : (5, 12)
	0.444 : (6, 10)
	0.444 : (7, 11)
 5 : 0.34442489761904405
	0.102 : (4, 12)
	0.887 : (7, 10)
 6 : 0.34442489761904516
	0.102 : (5, 13)
	0.887 : (6, 11)
 7 : 0.3564617072064827
	0.500 : (8, 10)
	0.500 : (9, 11)
 8 : 0.3659889296034918
	1.000 : (9, 12)
 9 : 0.36598892960349255
	1.000 : (8, 13)
 10 : 0.3659889296034941
	0.500 : (8, 12)
	0.500 : (9, 13)
 11 : 0.3945137010098261
	0.406 : (4, 10)
	0.591 : (7, 12)
 12 : 0.3945137010098269
	0.203 : (4, 11)
	0.203 : (5, 10)
	0.295 : (6, 12)
	0.295 : (7, 13)
 13 : 0.3945137010098278
	0.406 : (5, 11)
	0.590 : (6, 13)
 14 : 0.41607166790760997
	0.500 : (8, 12)
	0.500 : (9, 13)
 15 : 0.5056282291907175
	0.059 : (4, 13)
	0.059 : (5, 12)
	0.439 : (6, 10)
	0.439 : (7, 11)
 16 : 0.5142899364908858
	0.013 : (3, 12)
	0.569 : (4, 10)
	0.401 : (7, 12)
 17 : 0.5142899364908868
	0.285 : (4, 11)
	0.285 : (5, 10)
	0.201 : (6, 12)
	0.201 : (7, 13)
 18 : 0.5142899364908873
	0.013 : (2, 13)
	0.575 : (5, 11)
	0.405 : (6, 13)
 19 : 0.5551917982516249
	0.153 : (4, 11)
	0.153 : (5, 10)
	0.347 : (6, 12)
	0.347 : (7, 13)
 20 : 0.5630556658835881
	0.438 : (4, 13)
	0.438 : (5, 12)
	0.054 : (6, 10)
	0.054 : (7, 11)
 21 : 0.5630556658835882
	0.015 : (3, 10)
	0.872 : (4, 12)
	0.108 : (7, 10)
 22 : 0.5630556658835891
	0.015 : (2, 11)
	0.872 : (5, 13)
	0.108 : (6, 11)
 23 : 0.6553183761219852
	0.347 : (4, 11)
	0.347 : (5, 10)
	0.152 : (6, 12)
	0.152 : (7, 13)
 24 : 0.9101216253721438
	0.018 : (2, 10)
	0.018 : (3, 11)
	0.428 : (4, 13)
	0.428 : (5, 12)
	0.054 : (6, 10)
	0.054 : (7, 11)
 25 : 1.1087708939342915
	0.488 : (2, 10)
	0.488 : (3, 11)
	0.011 : (4, 13)
	0.011 : (5, 12)
 26 : 1.1087708939342955
	0.975 : (2, 11)
	0.022 : (5, 13)
 27 : 1.108770893934299
	0.975 : (3, 10)
	0.022 : (4, 12)
 28 : 1.2000960324918613
	0.073 : (2, 12)
	0.084 : (2, 13)
	0.755 : (3, 12)
	0.073 : (3, 13)
	0.011 : (4, 10)
 29 : 1.2000960324918624
	0.411 : (2, 12)
	0.162 : (3, 12)
	0.411 : (3, 13)
 30 : 1.2000960324918637
	0.900 : (2, 13)
	0.068 : (3, 12)
	0.014 : (5, 11)
 31 : 1.3007851267659718
	0.480 : (2, 10)
	0.480 : (3, 11)
	0.012 : (4, 13)
	0.012 : (5, 12)
 32 : 1.325761961122498
	0.499 : (2, 12)
	0.499 : (3, 13)
 33 : 19.95852636299605
	1.000 : (0, 11)
 34 : 19.95852636299612
	0.500 : (0, 10)
	0.500 : (1, 11)
 35 : 19.958526362996185
	1.000 : (1, 10)
 36 : 20.01097936609835
	0.500 : (0, 10)
	0.500 : (1, 11)
 37 : 20.011342068607657
	0.494 : (0, 12)
	0.011 : (0, 13)
	0.494 : (1, 13)
 38 : 20.01134206860767
	0.909 : (0, 13)
	0.079 : (1, 12)
 39 : 20.0113420686077
	0.080 : (0, 13)
	0.920 : (1, 12)
 40 : 20.050531917962733
	0.500 : (0, 12)
	0.500 : (1, 13)
