scf energy for uhf: -74.94207989868084
 1 : 0.2872553004397276
	1.000 : (8, 11)
 2 : 0.2872554419389651
	0.500 : (8, 10)
	0.500 : (9, 11)
 3 : 0.2872555834397311
	1.000 : (9, 10)
 4 : 0.3444249148779165
	0.102 : (5, 12)
	0.888 : (7, 10)
 5 : 0.3444249202299331
	0.051 : (4, 12)
	0.051 : (5, 13)
	0.444 : (6, 10)
	0.444 : (7, 11)
 6 : 0.34442492558110394
	0.102 : (4, 13)
	0.888 : (6, 11)
 7 : 0.35646169692335955
	0.500 : (8, 10)
	0.500 : (9, 11)
 8 : 0.3659888039055992
	1.000 : (8, 13)
 9 : 0.3659889271747045
	0.500 : (8, 12)
	0.500 : (9, 13)
 10 : 0.36598905044569036
	1.000 : (9, 12)
 11 : 0.39451364049636545
	0.406 : (5, 10)
	0.591 : (7, 12)
 12 : 0.3945137153799496
	0.203 : (4, 10)
	0.203 : (5, 11)
	0.296 : (6, 12)
	0.296 : (7, 13)
 13 : 0.39451379026275424
	0.406 : (4, 11)
	0.591 : (6, 13)
 14 : 0.4160716715239511
	0.500 : (8, 12)
	0.500 : (9, 13)
 15 : 0.5056282302547419
	0.059 : (4, 12)
	0.059 : (5, 13)
	0.439 : (6, 10)
	0.439 : (7, 11)
 16 : 0.5142897909303993
	0.013 : (2, 13)
	0.579 : (4, 11)
	0.408 : (6, 13)
 17 : 0.5142899238776212
	0.289 : (4, 10)
	0.289 : (5, 11)
	0.204 : (6, 12)
	0.204 : (7, 13)
 18 : 0.5142900568250389
	0.013 : (3, 12)
	0.579 : (5, 10)
	0.408 : (7, 12)
 19 : 0.5551918093717763
	0.153 : (4, 10)
	0.153 : (5, 11)
	0.347 : (6, 12)
	0.347 : (7, 13)
 20 : 0.5630555039086372
	0.015 : (2, 11)
	0.876 : (4, 13)
	0.109 : (6, 11)
 21 : 0.5630556749289646
	0.438 : (4, 12)
	0.438 : (5, 13)
	0.054 : (6, 10)
	0.054 : (7, 11)
 22 : 0.5630558459487752
	0.015 : (3, 10)
	0.876 : (5, 12)
	0.109 : (7, 10)
 23 : 0.6553183725232503
	0.347 : (4, 10)
	0.347 : (5, 11)
	0.152 : (6, 12)
	0.152 : (7, 13)
 24 : 0.9101216154841985
	0.018 : (2, 10)
	0.018 : (3, 11)
	0.428 : (4, 12)
	0.428 : (5, 13)
	0.054 : (6, 10)
	0.054 : (7, 11)
 25 : 1.1087708355569252
	0.975 : (2, 11)
	0.022 : (4, 13)
 26 : 1.1087708830341068
	0.488 : (2, 10)
	0.488 : (3, 11)
	0.011 : (4, 12)
	0.011 : (5, 13)
 27 : 1.1087709305115476
	0.975 : (3, 10)
	0.022 : (5, 12)
 28 : 1.2000960245310084
	0.984 : (2, 13)
	0.015 : (4, 11)
 29 : 1.2000960373210856
	0.492 : (2, 12)
	0.492 : (3, 13)
 30 : 1.2000960501118907
	0.984 : (3, 12)
	0.015 : (5, 10)
 31 : 1.3007851088182805
	0.480 : (2, 10)
	0.480 : (3, 11)
	0.012 : (4, 12)
	0.012 : (5, 13)
 32 : 1.3257619770860642
	0.499 : (2, 12)
	0.499 : (3, 13)
 33 : 19.95852600348273
	1.000 : (0, 11)
 34 : 19.9585263721443
	0.500 : (0, 10)
	0.500 : (1, 11)
 35 : 19.95852674081271
	1.000 : (1, 10)
 36 : 20.010979375000392
	0.500 : (0, 10)
	0.500 : (1, 11)
 37 : 20.01134172732819
	1.000 : (0, 13)
 38 : 20.011342040987696
	0.500 : (0, 12)
	0.500 : (1, 13)
 39 : 20.0113423546541
	1.000 : (1, 12)
 40 : 20.05053189402579
	0.500 : (0, 12)
	0.500 : (1, 13)
