scf energy for cuhf: -74.94207989882369
 1 : 0.2872554419620224
	0.998 : (9, 10)
 2 : 0.2872554419620227
	0.500 : (8, 10)
	0.500 : (9, 11)
 3 : 0.287255441962023
	0.998 : (8, 11)
 4 : 0.3444249201766398
	0.098 : (5, 13)
	0.038 : (6, 11)
	0.850 : (7, 10)
 5 : 0.34442492017664106
	0.098 : (4, 12)
	0.850 : (6, 11)
	0.038 : (7, 10)
 6 : 0.3444249201766414
	0.051 : (4, 13)
	0.051 : (5, 12)
	0.444 : (6, 10)
	0.444 : (7, 11)
 7 : 0.35646169694643587
	0.500 : (8, 10)
	0.500 : (9, 11)
 8 : 0.36598892718108567
	0.500 : (8, 13)
	0.500 : (9, 12)
 9 : 0.3659889271810857
	0.037 : (8, 12)
	0.963 : (9, 13)
 10 : 0.3659889271810862
	0.963 : (8, 12)
	0.037 : (9, 13)
 11 : 0.3945137153459264
	0.405 : (4, 11)
	0.589 : (6, 12)
 12 : 0.39451371534592655
	0.202 : (4, 10)
	0.202 : (5, 11)
	0.294 : (6, 13)
	0.294 : (7, 12)
 13 : 0.3945137153459267
	0.406 : (5, 10)
	0.590 : (7, 13)
 14 : 0.416071671514344
	0.500 : (8, 13)
	0.500 : (9, 12)
 15 : 0.5056282302518725
	0.059 : (4, 13)
	0.059 : (5, 12)
	0.439 : (6, 10)
	0.439 : (7, 11)
 16 : 0.5142899239069858
	0.244 : (4, 10)
	0.090 : (5, 10)
	0.244 : (5, 11)
	0.172 : (6, 13)
	0.172 : (7, 12)
	0.064 : (7, 13)
 17 : 0.5142899239069861
	0.010 : (3, 13)
	0.042 : (4, 10)
	0.038 : (4, 11)
	0.456 : (5, 10)
	0.042 : (5, 11)
	0.027 : (6, 12)
	0.030 : (6, 13)
	0.030 : (7, 12)
	0.321 : (7, 13)
 18 : 0.5142899239069871
	0.012 : (2, 12)
	0.541 : (4, 11)
	0.032 : (5, 10)
	0.381 : (6, 12)
	0.023 : (7, 13)
 19 : 0.5551918093451371
	0.153 : (4, 10)
	0.153 : (5, 11)
	0.347 : (6, 13)
	0.347 : (7, 12)
 20 : 0.5630556749074115
	0.438 : (4, 13)
	0.438 : (5, 12)
	0.054 : (6, 10)
	0.054 : (7, 11)
 21 : 0.5630556749074136
	0.014 : (3, 10)
	0.042 : (4, 12)
	0.834 : (5, 13)
	0.103 : (7, 10)
 22 : 0.5630556749074154
	0.014 : (2, 11)
	0.834 : (4, 12)
	0.042 : (5, 13)
	0.103 : (6, 11)
 23 : 0.6553183725314726
	0.347 : (4, 10)
	0.347 : (5, 11)
	0.152 : (6, 13)
	0.152 : (7, 12)
 24 : 0.9101216155073606
	0.018 : (2, 10)
	0.018 : (3, 11)
	0.428 : (4, 13)
	0.428 : (5, 12)
	0.054 : (6, 10)
	0.054 : (7, 11)
 25 : 1.1087708830595655
	0.429 : (2, 11)
	0.546 : (3, 10)
	0.012 : (5, 13)
 26 : 1.1087708830595722
	0.488 : (2, 10)
	0.488 : (3, 11)
	0.011 : (4, 13)
	0.011 : (5, 12)
 27 : 1.1087708830595728
	0.546 : (2, 11)
	0.429 : (3, 10)
	0.012 : (4, 12)
 28 : 1.200096037310013
	0.281 : (2, 12)
	0.299 : (2, 13)
	0.299 : (3, 12)
	0.106 : (3, 13)
 29 : 1.200096037310014
	0.057 : (2, 13)
	0.057 : (3, 12)
	0.864 : (3, 13)
	0.013 : (5, 10)
 30 : 1.200096037310015
	0.697 : (2, 12)
	0.136 : (2, 13)
	0.136 : (3, 12)
	0.014 : (3, 13)
	0.010 : (4, 11)
 31 : 1.3007851088599223
	0.480 : (2, 10)
	0.480 : (3, 11)
	0.012 : (4, 13)
	0.012 : (5, 12)
 32 : 1.325761977048111
	0.499 : (2, 13)
	0.499 : (3, 12)
 33 : 19.95852637212609
	0.994 : (0, 11)
 34 : 19.958526372126112
	0.498 : (0, 10)
	0.498 : (1, 11)
 35 : 19.95852637212614
	0.998 : (1, 10)
 36 : 20.010979374976014
	0.500 : (0, 10)
	0.500 : (1, 11)
 37 : 20.01134204105547
	0.993 : (0, 12)
 38 : 20.01134204105552
	0.451 : (0, 13)
	0.451 : (1, 12)
	0.094 : (1, 13)
 39 : 20.011342041055592
	0.046 : (0, 13)
	0.046 : (1, 12)
	0.906 : (1, 13)
 40 : 20.05053189407812
	0.500 : (0, 13)
	0.500 : (1, 12)
