scf energy for cuhf: -74.94207989868869
 1 : 0.28725544194074
	1.000 : (8, 10)
 2 : 0.28725544194074637
	1.000 : (9, 11)
 3 : 0.28725544194074676
	0.500 : (8, 11)
	0.500 : (9, 10)
 4 : 0.3444249202267045
	0.048 : (4, 13)
	0.048 : (5, 12)
	0.420 : (6, 11)
	0.420 : (7, 10)
	0.048 : (7, 11)
 5 : 0.3444249202267048
	0.096 : (5, 13)
	0.024 : (6, 11)
	0.024 : (7, 10)
	0.840 : (7, 11)
 6 : 0.3444249202267069
	0.102 : (4, 12)
	0.888 : (6, 10)
 7 : 0.3564616969237029
	0.500 : (8, 11)
	0.500 : (9, 10)
 8 : 0.36598892717576503
	0.999 : (9, 13)
 9 : 0.3659889271757654
	0.500 : (8, 13)
	0.500 : (9, 12)
 10 : 0.3659889271757661
	1.000 : (8, 12)
 11 : 0.3945137153777255
	0.203 : (4, 11)
	0.203 : (5, 10)
	0.295 : (6, 13)
	0.295 : (7, 12)
 12 : 0.394513715377726
	0.406 : (4, 10)
	0.591 : (6, 12)
 13 : 0.3945137153777263
	0.406 : (5, 11)
	0.591 : (7, 13)
 14 : 0.4160716715223792
	0.500 : (8, 13)
	0.500 : (9, 12)
 15 : 0.5056282302542365
	0.059 : (4, 13)
	0.059 : (5, 12)
	0.439 : (6, 11)
	0.439 : (7, 10)
 16 : 0.5142899238790597
	0.231 : (4, 11)
	0.231 : (5, 10)
	0.116 : (5, 11)
	0.163 : (6, 13)
	0.163 : (7, 12)
	0.082 : (7, 13)
 17 : 0.5142899238790607
	0.011 : (3, 13)
	0.058 : (4, 11)
	0.058 : (5, 10)
	0.463 : (5, 11)
	0.041 : (6, 13)
	0.041 : (7, 12)
	0.326 : (7, 13)
 18 : 0.5142899238790611
	0.013 : (2, 12)
	0.579 : (4, 10)
	0.408 : (6, 12)
 19 : 0.5551918093697621
	0.153 : (4, 11)
	0.153 : (5, 10)
	0.347 : (6, 13)
	0.347 : (7, 12)
 20 : 0.5630556749274468
	0.015 : (3, 11)
	0.876 : (5, 13)
	0.109 : (7, 11)
 21 : 0.5630556749274476
	0.438 : (4, 13)
	0.438 : (5, 12)
	0.054 : (6, 11)
	0.054 : (7, 10)
 22 : 0.5630556749274505
	0.015 : (2, 10)
	0.876 : (4, 12)
	0.109 : (6, 10)
 23 : 0.6553183725235123
	0.347 : (4, 11)
	0.347 : (5, 10)
	0.152 : (6, 13)
	0.152 : (7, 12)
 24 : 0.9101216154854663
	0.018 : (2, 11)
	0.018 : (3, 10)
	0.428 : (4, 13)
	0.428 : (5, 12)
	0.054 : (6, 11)
	0.054 : (7, 10)
 25 : 1.108770883035443
	0.011 : (2, 11)
	0.011 : (3, 10)
	0.954 : (3, 11)
	0.021 : (5, 13)
 26 : 1.1087708830354444
	0.477 : (2, 11)
	0.477 : (3, 10)
	0.022 : (3, 11)
	0.011 : (4, 13)
	0.011 : (5, 12)
 27 : 1.1087708830354466
	0.975 : (2, 10)
	0.022 : (4, 12)
 28 : 1.2000960373207101
	0.351 : (2, 13)
	0.351 : (3, 12)
	0.283 : (3, 13)
 29 : 1.2000960373207123
	0.984 : (2, 12)
	0.015 : (4, 10)
 30 : 1.200096037320713
	0.141 : (2, 13)
	0.141 : (3, 12)
	0.701 : (3, 13)
	0.011 : (5, 11)
 31 : 1.3007851088201932
	0.480 : (2, 11)
	0.480 : (3, 10)
	0.012 : (4, 13)
	0.012 : (5, 12)
 32 : 1.3257619770834628
	0.499 : (2, 13)
	0.499 : (3, 12)
 33 : 19.95852637214643
	0.500 : (0, 11)
	0.500 : (1, 10)
 34 : 19.95852637214643
	1.000 : (0, 10)
 35 : 19.958526372146473
	1.000 : (1, 11)
 36 : 20.01097937499576
	0.500 : (0, 11)
	0.500 : (1, 10)
 37 : 20.011342040994425
	0.990 : (1, 13)
 38 : 20.011342040994453
	0.495 : (0, 13)
	0.495 : (1, 12)
 39 : 20.01134204099449
	1.000 : (0, 12)
 40 : 20.050531894025116
	0.500 : (0, 13)
	0.500 : (1, 12)
