scf energy for cuhf: -74.94207989929251
 1 : 0.2872554420358062
	1.000 : (9, 11)
 2 : 0.2872554420358072
	1.000 : (8, 10)
 3 : 0.2872554420358073
	0.500 : (8, 11)
	0.500 : (9, 10)
 4 : 0.34442492000225267
	0.050 : (4, 12)
	0.050 : (5, 13)
	0.438 : (6, 11)
	0.438 : (7, 10)
	0.013 : (7, 11)
 5 : 0.3444249200022535
	0.100 : (5, 12)
	0.876 : (7, 11)
 6 : 0.34442492000225394
	0.102 : (4, 13)
	0.888 : (6, 10)
 7 : 0.35646169702540215
	0.500 : (8, 11)
	0.500 : (9, 10)
 8 : 0.36598892719926573
	1.000 : (9, 12)
 9 : 0.3659889271992673
	0.500 : (8, 12)
	0.500 : (9, 13)
 10 : 0.3659889271992679
	1.000 : (8, 13)
 11 : 0.39451371523527246
	0.406 : (4, 10)
	0.591 : (6, 13)
 12 : 0.39451371523527257
	0.402 : (5, 11)
	0.585 : (7, 12)
 13 : 0.39451371523527334
	0.201 : (4, 11)
	0.201 : (5, 10)
	0.292 : (6, 12)
	0.292 : (7, 13)
 14 : 0.4160716714861607
	0.500 : (8, 12)
	0.500 : (9, 13)
 15 : 0.5056282302435643
	0.059 : (4, 12)
	0.059 : (5, 13)
	0.439 : (6, 11)
	0.439 : (7, 10)
 16 : 0.51428992400424
	0.013 : (2, 13)
	0.578 : (4, 10)
	0.408 : (6, 13)
 17 : 0.5142899240042408
	0.010 : (3, 12)
	0.066 : (4, 11)
	0.066 : (5, 10)
	0.447 : (5, 11)
	0.047 : (6, 12)
	0.315 : (7, 12)
	0.047 : (7, 13)
 18 : 0.5142899240042417
	0.223 : (4, 11)
	0.223 : (5, 10)
	0.132 : (5, 11)
	0.157 : (6, 12)
	0.093 : (7, 12)
	0.157 : (7, 13)
 19 : 0.5551918092593129
	0.153 : (4, 11)
	0.153 : (5, 10)
	0.347 : (6, 12)
	0.347 : (7, 13)
 20 : 0.5630556748375812
	0.436 : (4, 12)
	0.436 : (5, 13)
	0.054 : (6, 11)
	0.054 : (7, 10)
 21 : 0.5630556748375833
	0.015 : (2, 10)
	0.876 : (4, 13)
	0.109 : (6, 10)
 22 : 0.5630556748375846
	0.015 : (3, 11)
	0.872 : (5, 12)
	0.108 : (7, 11)
 23 : 0.6553183725591475
	0.347 : (4, 11)
	0.347 : (5, 10)
	0.152 : (6, 12)
	0.152 : (7, 13)
 24 : 0.9101216155836094
	0.018 : (2, 11)
	0.018 : (3, 10)
	0.428 : (4, 12)
	0.428 : (5, 13)
	0.054 : (6, 11)
	0.054 : (7, 10)
 25 : 1.1087708831435044
	0.974 : (3, 11)
	0.022 : (5, 12)
 26 : 1.1087708831435101
	0.487 : (2, 11)
	0.487 : (3, 10)
	0.011 : (4, 12)
	0.011 : (5, 13)
 27 : 1.1087708831435104
	0.975 : (2, 10)
	0.022 : (4, 13)
 28 : 1.2000960372726766
	0.984 : (2, 13)
	0.015 : (4, 10)
 29 : 1.2000960372726817
	0.013 : (2, 12)
	0.958 : (3, 12)
	0.013 : (3, 13)
	0.014 : (5, 11)
 30 : 1.2000960372726874
	0.479 : (2, 12)
	0.026 : (3, 12)
	0.479 : (3, 13)
 31 : 1.300785108998258
	0.480 : (2, 11)
	0.480 : (3, 10)
	0.012 : (4, 12)
	0.012 : (5, 13)
 32 : 1.3257619769248639
	0.499 : (2, 12)
	0.499 : (3, 13)
 33 : 19.958526372055168
	1.000 : (0, 10)
 34 : 19.958526372055168
	0.495 : (0, 11)
	0.495 : (1, 10)
 35 : 19.958526372055193
	0.990 : (1, 11)
 36 : 20.010979374907066
	0.500 : (0, 11)
	0.500 : (1, 10)
 37 : 20.011342041268378
	1.000 : (1, 12)
 38 : 20.011342041268435
	0.500 : (0, 12)
	0.500 : (1, 13)
 39 : 20.011342041268467
	1.000 : (0, 13)
 40 : 20.050531894262623
	0.500 : (0, 12)
	0.500 : (1, 13)
