scf energy for rhf: -74.94207989880931
 1 : 0.28725544195978087
	1.000 : (8, 11)
 2 : 0.2872554419597809
	1.000 : (9, 10)
 3 : 0.28725544195978164
	0.500 : (8, 10)
	0.500 : (9, 11)
 4 : 0.3444249201820458
	0.102 : (5, 12)
	0.887 : (7, 10)
 5 : 0.34442492018204596
	0.051 : (4, 12)
	0.051 : (5, 13)
	0.444 : (6, 10)
	0.444 : (7, 11)
 6 : 0.34442492018204646
	0.102 : (4, 13)
	0.887 : (6, 11)
 7 : 0.35646169694401975
	0.500 : (8, 10)
	0.500 : (9, 11)
 8 : 0.36598892718056636
	0.500 : (8, 12)
	0.500 : (9, 13)
 9 : 0.36598892718056647
	0.393 : (8, 13)
	0.607 : (9, 12)
 10 : 0.3659889271805665
	0.607 : (8, 13)
	0.393 : (9, 12)
 11 : 0.3945137153493434
	0.402 : (4, 11)
	0.585 : (6, 13)
 12 : 0.3945137153493434
	0.201 : (4, 10)
	0.201 : (5, 11)
	0.292 : (6, 12)
	0.292 : (7, 13)
 13 : 0.39451371534934376
	0.405 : (5, 10)
	0.590 : (7, 12)
 14 : 0.41607167151524355
	0.500 : (8, 12)
	0.500 : (9, 13)
 15 : 0.5056282302521397
	0.059 : (4, 12)
	0.059 : (5, 13)
	0.439 : (6, 10)
	0.439 : (7, 11)
 16 : 0.5142899239039752
	0.058 : (4, 10)
	0.124 : (4, 11)
	0.339 : (5, 10)
	0.058 : (5, 11)
	0.041 : (6, 12)
	0.087 : (6, 13)
	0.239 : (7, 12)
	0.041 : (7, 13)
 17 : 0.5142899239039762
	0.432 : (4, 11)
	0.146 : (5, 10)
	0.305 : (6, 13)
	0.103 : (7, 12)
 18 : 0.5142899239039777
	0.231 : (4, 10)
	0.023 : (4, 11)
	0.094 : (5, 10)
	0.231 : (5, 11)
	0.163 : (6, 12)
	0.016 : (6, 13)
	0.066 : (7, 12)
	0.163 : (7, 13)
 19 : 0.555191809347801
	0.153 : (4, 10)
	0.153 : (5, 11)
	0.347 : (6, 12)
	0.347 : (7, 13)
 20 : 0.5630556749095824
	0.438 : (4, 12)
	0.438 : (5, 13)
	0.054 : (6, 10)
	0.054 : (7, 11)
 21 : 0.5630556749095836
	0.015 : (3, 10)
	0.019 : (4, 13)
	0.857 : (5, 12)
	0.106 : (7, 10)
 22 : 0.5630556749095861
	0.015 : (2, 11)
	0.857 : (4, 13)
	0.019 : (5, 12)
	0.106 : (6, 11)
 23 : 0.6553183725306249
	0.347 : (4, 10)
	0.347 : (5, 11)
	0.152 : (6, 12)
	0.152 : (7, 13)
 24 : 0.9101216155049989
	0.018 : (2, 10)
	0.018 : (3, 11)
	0.428 : (4, 12)
	0.428 : (5, 13)
	0.054 : (6, 10)
	0.054 : (7, 11)
 25 : 1.108770883056978
	0.488 : (2, 10)
	0.488 : (3, 11)
	0.011 : (4, 12)
	0.011 : (5, 13)
 26 : 1.108770883056981
	0.056 : (2, 11)
	0.919 : (3, 10)
	0.021 : (5, 12)
 27 : 1.1087708830569856
	0.919 : (2, 11)
	0.056 : (3, 10)
	0.021 : (4, 13)
 28 : 1.2000960373111742
	0.013 : (2, 12)
	0.015 : (2, 13)
	0.943 : (3, 12)
	0.013 : (3, 13)
	0.014 : (5, 10)
 29 : 1.2000960373111746
	0.453 : (2, 12)
	0.062 : (2, 13)
	0.016 : (3, 12)
	0.453 : (3, 13)
 30 : 1.2000960373111762
	0.026 : (2, 12)
	0.907 : (2, 13)
	0.025 : (3, 12)
	0.026 : (3, 13)
	0.014 : (4, 11)
 31 : 1.3007851088556457
	0.480 : (2, 10)
	0.480 : (3, 11)
	0.012 : (4, 12)
	0.012 : (5, 13)
 32 : 1.3257619770519342
	0.499 : (2, 12)
	0.499 : (3, 13)
 33 : 19.958526372128304
	0.023 : (0, 11)
	0.977 : (1, 10)
 34 : 19.958526372128315
	0.428 : (0, 10)
	0.138 : (0, 11)
	0.428 : (1, 11)
 35 : 19.958526372128322
	0.072 : (0, 10)
	0.839 : (0, 11)
	0.017 : (1, 10)
	0.072 : (1, 11)
 36 : 20.010979374978156
	0.500 : (0, 10)
	0.500 : (1, 11)
 37 : 20.011342041048913
	0.997 : (1, 12)
 38 : 20.011342041048987
	0.496 : (0, 12)
	0.496 : (1, 13)
 39 : 20.011342041049012
	0.988 : (0, 13)
 40 : 20.050531894072456
	0.500 : (0, 12)
	0.500 : (1, 13)
