scf energy for rhf: -74.94207989982371
 1 : 0.2872554421198033
	0.500 : (8, 10)
	0.500 : (9, 11)
 2 : 0.2872554421198039
	0.297 : (8, 11)
	0.703 : (9, 10)
 3 : 0.2872554421198041
	0.703 : (8, 11)
	0.297 : (9, 10)
 4 : 0.3444249198064565
	0.051 : (4, 12)
	0.051 : (5, 13)
	0.444 : (6, 10)
	0.444 : (7, 11)
 5 : 0.3444249198064597
	0.096 : (5, 12)
	0.051 : (6, 11)
	0.837 : (7, 10)
 6 : 0.34442491980645995
	0.096 : (4, 13)
	0.837 : (6, 11)
	0.051 : (7, 10)
 7 : 0.35646169711484355
	0.500 : (8, 10)
	0.500 : (9, 11)
 8 : 0.3659889272208903
	0.500 : (8, 12)
	0.500 : (9, 13)
 9 : 0.36598892722089077
	0.387 : (8, 13)
	0.613 : (9, 12)
 10 : 0.36598892722089094
	0.613 : (8, 13)
	0.387 : (9, 12)
 11 : 0.3945137151106472
	0.201 : (4, 10)
	0.201 : (5, 11)
	0.293 : (6, 12)
	0.293 : (7, 13)
 12 : 0.39451371511064737
	0.308 : (4, 11)
	0.097 : (5, 10)
	0.448 : (6, 13)
	0.141 : (7, 12)
 13 : 0.3945137151106478
	0.095 : (4, 11)
	0.309 : (5, 10)
	0.138 : (6, 13)
	0.450 : (7, 12)
 14 : 0.4160716714551818
	0.500 : (8, 12)
	0.500 : (9, 13)
 15 : 0.5056282302344646
	0.059 : (4, 12)
	0.059 : (5, 13)
	0.439 : (6, 10)
	0.439 : (7, 11)
 16 : 0.5142899241134983
	0.313 : (4, 11)
	0.264 : (5, 10)
	0.221 : (6, 13)
	0.186 : (7, 12)
 17 : 0.5142899241134999
	0.097 : (4, 10)
	0.190 : (4, 11)
	0.195 : (5, 10)
	0.097 : (5, 11)
	0.068 : (6, 12)
	0.134 : (6, 13)
	0.137 : (7, 12)
	0.068 : (7, 13)
 18 : 0.5142899241134999
	0.192 : (4, 10)
	0.075 : (4, 11)
	0.120 : (5, 10)
	0.192 : (5, 11)
	0.135 : (6, 12)
	0.053 : (6, 13)
	0.085 : (7, 12)
	0.135 : (7, 13)
 19 : 0.555191809163094
	0.153 : (4, 10)
	0.153 : (5, 11)
	0.347 : (6, 12)
	0.347 : (7, 13)
 20 : 0.5630556747593336
	0.438 : (4, 12)
	0.438 : (5, 13)
	0.054 : (6, 10)
	0.054 : (7, 11)
 21 : 0.5630556747593349
	0.453 : (4, 13)
	0.423 : (5, 12)
	0.056 : (6, 11)
	0.053 : (7, 10)
 22 : 0.5630556747593357
	0.423 : (4, 13)
	0.453 : (5, 12)
	0.053 : (6, 11)
	0.056 : (7, 10)
 23 : 0.6553183725904026
	0.347 : (4, 10)
	0.347 : (5, 11)
	0.152 : (6, 12)
	0.152 : (7, 13)
 24 : 0.9101216156692438
	0.018 : (2, 10)
	0.018 : (3, 11)
	0.428 : (4, 12)
	0.428 : (5, 13)
	0.054 : (6, 10)
	0.054 : (7, 11)
 25 : 1.108770883238037
	0.488 : (2, 10)
	0.488 : (3, 11)
	0.011 : (4, 12)
	0.011 : (5, 13)
 26 : 1.1087708832380412
	0.969 : (3, 10)
	0.022 : (5, 12)
 27 : 1.1087708832380436
	0.969 : (2, 11)
	0.022 : (4, 13)
 28 : 1.2000960372309437
	0.450 : (2, 12)
	0.083 : (3, 12)
	0.450 : (3, 13)
 29 : 1.200096037230946
	0.031 : (2, 12)
	0.396 : (2, 13)
	0.525 : (3, 12)
	0.031 : (3, 13)
 30 : 1.200096037230947
	0.011 : (2, 12)
	0.586 : (2, 13)
	0.376 : (3, 12)
	0.011 : (3, 13)
 31 : 1.3007851091537763
	0.480 : (2, 10)
	0.480 : (3, 11)
	0.012 : (4, 12)
	0.012 : (5, 13)
 32 : 1.325761976786764
	0.499 : (2, 12)
	0.499 : (3, 13)
 33 : 19.95852637197631
	0.691 : (0, 11)
	0.304 : (1, 10)
 34 : 19.95852637197632
	0.022 : (0, 10)
	0.278 : (0, 11)
	0.678 : (1, 10)
	0.022 : (1, 11)
 35 : 19.958526371976323
	0.475 : (0, 10)
	0.031 : (0, 11)
	0.019 : (1, 10)
	0.475 : (1, 11)
 36 : 20.010979374830363
	0.500 : (0, 10)
	0.500 : (1, 11)
 37 : 20.011342041507653
	0.687 : (0, 13)
	0.308 : (1, 12)
 38 : 20.011342041507714
	0.024 : (0, 12)
	0.309 : (0, 13)
	0.642 : (1, 12)
	0.024 : (1, 13)
 39 : 20.011342041507717
	0.473 : (0, 12)
	0.049 : (1, 12)
	0.473 : (1, 13)
 40 : 20.050531894470144
	0.500 : (0, 12)
	0.500 : (1, 13)
