 1 : -0.33947395050725226
	0.789 : (2, 11)
	0.106 : (4, 13)
	0.106 : (7, 11)
 2 : -0.2805882673298685
	0.794 : (1, 13)
	0.103 : (4, 11)
	0.103 : (6, 13)
 3 : -0.19781235813508222
	0.789 : (2, 10)
	0.106 : (4, 12)
	0.106 : (7, 10)
 4 : -8.406799276835597e-15
	0.664 : (0, 10)
	0.168 : (2, 12)
	0.164 : (5, 10)
 5 : -5.967128008977614e-15
	0.389 : (0, 13)
	0.013 : (1, 10)
	0.023 : (2, 12)
	0.158 : (2, 13)
	0.095 : (3, 11)
	0.027 : (5, 10)
	0.178 : (5, 11)
	0.100 : (5, 13)
	0.012 : (6, 10)
 6 : -1.228730128371305e-16
	0.034 : (0, 12)
	0.090 : (0, 13)
	0.148 : (1, 10)
	0.250 : (2, 12)
	0.032 : (3, 11)
	0.250 : (5, 10)
	0.015 : (5, 13)
	0.161 : (6, 10)
 7 : -3.611419603704843e-17
	0.021 : (0, 12)
	0.012 : (1, 10)
	0.051 : (1, 11)
	0.014 : (1, 12)
	0.101 : (3, 10)
	0.034 : (3, 11)
	0.110 : (3, 13)
	0.025 : (4, 10)
	0.019 : (4, 12)
	0.215 : (5, 12)
	0.036 : (5, 13)
	0.309 : (6, 11)
	0.019 : (7, 10)
 8 : -3.545842013137643e-18
	0.036 : (3, 11)
	0.098 : (4, 10)
	0.284 : (4, 11)
	0.020 : (4, 12)
	0.012 : (4, 13)
	0.027 : (5, 12)
	0.037 : (5, 13)
	0.144 : (6, 12)
	0.284 : (6, 13)
	0.020 : (7, 10)
	0.012 : (7, 11)
 9 : -2.1066809963850693e-18
	0.025 : (0, 12)
	0.228 : (1, 10)
	0.033 : (1, 12)
	0.132 : (3, 10)
	0.085 : (3, 11)
	0.322 : (3, 12)
	0.043 : (5, 12)
	0.085 : (5, 13)
	0.018 : (6, 12)
 10 : 0.0
	1.000 : (7, 12)
 11 : 0.0
	1.000 : (7, 13)
 12 : 0.0
	1.000 : (8, 10)
 13 : 0.0
	1.000 : (8, 11)
 14 : 0.0
	1.000 : (8, 12)
 15 : 0.0
	1.000 : (8, 13)
 16 : 0.0
	1.000 : (9, 10)
 17 : 0.0
	1.000 : (9, 11)
 18 : 0.0
	1.000 : (9, 12)
 19 : 0.0
	1.000 : (9, 13)
 20 : 3.6766468324382565e-18
	0.116 : (0, 12)
	0.012 : (1, 10)
	0.231 : (1, 12)
	0.017 : (3, 10)
	0.031 : (3, 11)
	0.161 : (3, 12)
	0.011 : (3, 13)
	0.044 : (5, 12)
	0.034 : (5, 13)
	0.084 : (6, 10)
	0.011 : (6, 11)
	0.215 : (6, 12)
 21 : 4.905211323144504e-18
	0.046 : (1, 10)
	0.453 : (1, 11)
	0.031 : (2, 12)
	0.177 : (3, 13)
	0.011 : (4, 12)
	0.023 : (4, 13)
	0.031 : (5, 10)
	0.096 : (6, 10)
	0.064 : (6, 11)
	0.011 : (7, 10)
	0.023 : (7, 11)
 22 : 9.828315216539322e-18
	0.220 : (0, 12)
	0.013 : (1, 10)
	0.244 : (1, 12)
	0.023 : (2, 12)
	0.256 : (3, 10)
	0.014 : (3, 11)
	0.035 : (3, 12)
	0.047 : (4, 10)
	0.011 : (4, 11)
	0.023 : (5, 10)
	0.013 : (5, 13)
	0.077 : (6, 12)
	0.011 : (6, 13)
 23 : 1.636158874833669e-17
	0.032 : (1, 12)
	0.050 : (4, 10)
	0.386 : (4, 12)
	0.048 : (4, 13)
	0.386 : (7, 10)
	0.048 : (7, 11)
 24 : 2.1540460523494184e-17
	0.063 : (0, 12)
	0.125 : (1, 10)
	0.094 : (1, 11)
	0.052 : (2, 12)
	0.013 : (3, 10)
	0.160 : (3, 11)
	0.073 : (3, 13)
	0.030 : (4, 11)
	0.052 : (5, 10)
	0.019 : (5, 12)
	0.166 : (5, 13)
	0.105 : (6, 10)
	0.030 : (6, 13)
 25 : 3.285431129320687e-17
	0.016 : (1, 10)
	0.014 : (1, 12)
	0.022 : (2, 12)
	0.010 : (3, 12)
	0.315 : (4, 10)
	0.145 : (4, 11)
	0.010 : (4, 12)
	0.016 : (4, 13)
	0.022 : (5, 10)
	0.052 : (6, 10)
	0.195 : (6, 12)
	0.145 : (6, 13)
	0.010 : (7, 10)
	0.016 : (7, 11)
 26 : 4.837897137589056e-17
	0.015 : (1, 10)
	0.020 : (1, 12)
	0.109 : (3, 10)
	0.039 : (3, 11)
	0.031 : (3, 12)
	0.253 : (3, 13)
	0.020 : (4, 12)
	0.143 : (5, 12)
	0.039 : (5, 13)
	0.274 : (6, 11)
	0.020 : (7, 10)
 27 : 5.589629991526656e-17
	0.027 : (0, 12)
	0.018 : (1, 10)
	0.056 : (1, 12)
	0.022 : (2, 12)
	0.112 : (4, 10)
	0.338 : (4, 13)
	0.022 : (5, 10)
	0.030 : (6, 10)
	0.338 : (7, 11)
 28 : 8.427047214403887e-17
	0.141 : (0, 12)
	0.066 : (1, 11)
	0.046 : (2, 12)
	0.087 : (3, 11)
	0.094 : (3, 12)
	0.040 : (3, 13)
	0.019 : (4, 12)
	0.044 : (4, 13)
	0.046 : (5, 10)
	0.155 : (5, 12)
	0.087 : (5, 13)
	0.084 : (6, 10)
	0.019 : (7, 10)
	0.044 : (7, 11)
 29 : 2.472232855187333e-15
	0.019 : (0, 11)
	0.178 : (0, 13)
	0.013 : (2, 12)
	0.407 : (2, 13)
	0.043 : (3, 11)
	0.016 : (5, 10)
	0.250 : (5, 11)
	0.046 : (5, 13)
	0.014 : (6, 10)
 30 : 6.85563514297882e-15
	0.644 : (0, 11)
	0.100 : (2, 13)
	0.236 : (5, 11)
 31 : 0.7382457709251371
	0.211 : (2, 10)
	0.394 : (4, 12)
	0.394 : (7, 10)
 32 : 0.9860214100672013
	0.206 : (1, 13)
	0.397 : (4, 11)
	0.397 : (6, 13)
 33 : 1.1927797302910266
	0.148 : (1, 12)
	0.114 : (2, 11)
	0.148 : (4, 10)
	0.220 : (4, 13)
	0.148 : (6, 12)
	0.220 : (7, 11)
 34 : 1.2279434591407556
	0.333 : (1, 10)
	0.333 : (3, 12)
	0.333 : (6, 10)
 35 : 1.3585016858337207
	0.185 : (1, 12)
	0.097 : (2, 11)
	0.185 : (4, 10)
	0.174 : (4, 13)
	0.185 : (6, 12)
	0.174 : (7, 11)
 36 : 1.8110902917848317
	0.333 : (1, 11)
	0.333 : (3, 13)
	0.333 : (6, 11)
 37 : 2.577097788320642
	0.333 : (0, 13)
	0.333 : (3, 11)
	0.333 : (5, 13)
 38 : 2.8073408734844305
	0.333 : (0, 12)
	0.333 : (3, 10)
	0.333 : (5, 12)
 39 : 59.809349208949676
	0.333 : (0, 11)
	0.333 : (2, 13)
	0.333 : (5, 11)
 40 : 59.93240095475277
	0.333 : (0, 10)
	0.333 : (2, 12)
	0.333 : (5, 10)
