scf energy for rhf: -74.94207989923225
 1 : 0.2872554420265113
	0.500 : (8, 10)
	0.500 : (9, 11)
 2 : 0.2872554420265116
	0.991 : (8, 11)
 3 : 0.2872554420265117
	0.991 : (9, 10)
 4 : 0.3444249200254171
	0.051 : (4, 12)
	0.051 : (5, 13)
	0.444 : (6, 10)
	0.444 : (7, 11)
 5 : 0.34442492002541786
	0.054 : (4, 13)
	0.048 : (5, 12)
	0.467 : (6, 11)
	0.421 : (7, 10)
 6 : 0.3444249200254191
	0.048 : (4, 13)
	0.054 : (5, 12)
	0.421 : (6, 11)
	0.467 : (7, 10)
 7 : 0.35646169701525765
	0.500 : (8, 10)
	0.500 : (9, 11)
 8 : 0.36598892719738146
	0.987 : (8, 13)
	0.013 : (9, 12)
 9 : 0.36598892719738163
	0.013 : (8, 13)
	0.987 : (9, 12)
 10 : 0.3659889271973817
	0.500 : (8, 12)
	0.500 : (9, 13)
 11 : 0.39451371524980233
	0.203 : (4, 10)
	0.203 : (5, 11)
	0.295 : (6, 12)
	0.295 : (7, 13)
 12 : 0.3945137152498025
	0.403 : (5, 10)
	0.586 : (7, 12)
 13 : 0.3945137152498046
	0.403 : (4, 11)
	0.586 : (6, 13)
 14 : 0.4160716714901965
	0.500 : (8, 12)
	0.500 : (9, 13)
 15 : 0.5056282302447648
	0.059 : (4, 12)
	0.059 : (5, 13)
	0.439 : (6, 10)
	0.439 : (7, 11)
 16 : 0.5142899239913504
	0.010 : (3, 12)
	0.059 : (4, 10)
	0.020 : (4, 11)
	0.440 : (5, 10)
	0.059 : (5, 11)
	0.042 : (6, 12)
	0.014 : (6, 13)
	0.310 : (7, 12)
	0.042 : (7, 13)
 17 : 0.5142899239913505
	0.229 : (4, 10)
	0.121 : (5, 10)
	0.229 : (5, 11)
	0.161 : (6, 12)
	0.085 : (7, 12)
	0.161 : (7, 13)
 18 : 0.5142899239913531
	0.013 : (2, 13)
	0.558 : (4, 11)
	0.019 : (5, 10)
	0.393 : (6, 13)
	0.013 : (7, 12)
 19 : 0.5551918092707739
	0.153 : (4, 10)
	0.153 : (5, 11)
	0.347 : (6, 12)
	0.347 : (7, 13)
 20 : 0.563055674846929
	0.015 : (3, 10)
	0.033 : (4, 13)
	0.843 : (5, 12)
	0.105 : (7, 10)
 21 : 0.5630556748469299
	0.015 : (2, 11)
	0.843 : (4, 13)
	0.033 : (5, 12)
	0.105 : (6, 11)
 22 : 0.5630556748469302
	0.438 : (4, 12)
	0.438 : (5, 13)
	0.054 : (6, 10)
	0.054 : (7, 11)
 23 : 0.6553183725555519
	0.347 : (4, 10)
	0.347 : (5, 11)
	0.152 : (6, 12)
	0.152 : (7, 13)
 24 : 0.9101216155734928
	0.018 : (2, 10)
	0.018 : (3, 11)
	0.428 : (4, 12)
	0.428 : (5, 13)
	0.054 : (6, 10)
	0.054 : (7, 11)
 25 : 1.1087708831324823
	0.025 : (2, 11)
	0.951 : (3, 10)
	0.021 : (5, 12)
 26 : 1.1087708831324825
	0.488 : (2, 10)
	0.488 : (3, 11)
	0.011 : (4, 12)
	0.011 : (5, 13)
 27 : 1.1087708831324852
	0.951 : (2, 11)
	0.025 : (3, 10)
	0.021 : (4, 13)
 28 : 1.2000960372777147
	0.264 : (2, 12)
	0.422 : (2, 13)
	0.035 : (3, 12)
	0.264 : (3, 13)
 29 : 1.2000960372777159
	0.147 : (2, 12)
	0.157 : (2, 13)
	0.532 : (3, 12)
	0.147 : (3, 13)
 30 : 1.2000960372777179
	0.081 : (2, 12)
	0.405 : (2, 13)
	0.417 : (3, 12)
	0.081 : (3, 13)
 31 : 1.30078510897997
	0.480 : (2, 10)
	0.480 : (3, 11)
	0.012 : (4, 12)
	0.012 : (5, 13)
 32 : 1.32576197694135
	0.499 : (2, 12)
	0.499 : (3, 13)
 33 : 19.958526372064956
	0.500 : (0, 10)
	0.500 : (1, 11)
 34 : 19.958526372064973
	0.293 : (0, 11)
	0.707 : (1, 10)
 35 : 19.958526372064977
	0.707 : (0, 11)
	0.293 : (1, 10)
 36 : 20.01097937491655
	0.500 : (0, 10)
	0.500 : (1, 11)
 37 : 20.011342041240237
	0.604 : (0, 13)
	0.396 : (1, 12)
 38 : 20.011342041240297
	0.460 : (0, 12)
	0.034 : (0, 13)
	0.047 : (1, 12)
	0.460 : (1, 13)
 39 : 20.011342041240308
	0.040 : (0, 12)
	0.362 : (0, 13)
	0.558 : (1, 12)
	0.040 : (1, 13)
 40 : 20.050531894238294
	0.500 : (0, 12)
	0.500 : (1, 13)
