scf energy for cuhf: -74.94207989871413
 1 : 0.2872554419447682
	0.013 : (8, 11)
	0.987 : (9, 10)
 2 : 0.2872554419447686
	0.500 : (8, 10)
	0.500 : (9, 11)
 3 : 0.287255441944769
	0.987 : (8, 11)
	0.013 : (9, 10)
 4 : 0.3444249202172455
	0.093 : (5, 12)
	0.081 : (6, 11)
	0.808 : (7, 10)
 5 : 0.3444249202172482
	0.051 : (4, 12)
	0.051 : (5, 13)
	0.444 : (6, 10)
	0.444 : (7, 11)
 6 : 0.3444249202172494
	0.093 : (4, 13)
	0.808 : (6, 11)
	0.081 : (7, 10)
 7 : 0.35646169692799684
	0.500 : (8, 10)
	0.500 : (9, 11)
 8 : 0.3659889271767752
	0.500 : (8, 12)
	0.500 : (9, 13)
 9 : 0.3659889271767756
	0.999 : (9, 12)
 10 : 0.3659889271767762
	0.999 : (8, 13)
 11 : 0.3945137153717158
	0.203 : (4, 10)
	0.203 : (5, 11)
	0.295 : (6, 12)
	0.295 : (7, 13)
 12 : 0.39451371537171787
	0.196 : (4, 11)
	0.209 : (5, 10)
	0.286 : (6, 13)
	0.304 : (7, 12)
 13 : 0.3945137153717183
	0.210 : (4, 11)
	0.196 : (5, 10)
	0.305 : (6, 13)
	0.285 : (7, 12)
 14 : 0.41607167152086477
	0.500 : (8, 12)
	0.500 : (9, 13)
 15 : 0.5056282302537936
	0.059 : (4, 12)
	0.059 : (5, 13)
	0.439 : (6, 10)
	0.439 : (7, 11)
 16 : 0.5142899238843344
	0.237 : (4, 11)
	0.342 : (5, 10)
	0.167 : (6, 13)
	0.241 : (7, 12)
 17 : 0.5142899238843344
	0.288 : (4, 10)
	0.288 : (5, 11)
	0.203 : (6, 12)
	0.203 : (7, 13)
 18 : 0.514289923884335
	0.339 : (4, 11)
	0.236 : (5, 10)
	0.239 : (6, 13)
	0.166 : (7, 12)
 19 : 0.5551918093651127
	0.153 : (4, 10)
	0.153 : (5, 11)
	0.347 : (6, 12)
	0.347 : (7, 13)
 20 : 0.5630556749236592
	0.438 : (4, 12)
	0.438 : (5, 13)
	0.054 : (6, 10)
	0.054 : (7, 11)
 21 : 0.5630556749236619
	0.011 : (2, 11)
	0.619 : (4, 13)
	0.258 : (5, 12)
	0.077 : (6, 11)
	0.032 : (7, 10)
 22 : 0.5630556749236627
	0.011 : (3, 10)
	0.258 : (4, 13)
	0.619 : (5, 12)
	0.032 : (6, 11)
	0.077 : (7, 10)
 23 : 0.6553183725250165
	0.347 : (4, 10)
	0.347 : (5, 11)
	0.152 : (6, 12)
	0.152 : (7, 13)
 24 : 0.9101216154896017
	0.018 : (2, 10)
	0.018 : (3, 11)
	0.428 : (4, 12)
	0.428 : (5, 13)
	0.054 : (6, 10)
	0.054 : (7, 11)
 25 : 1.1087708830400036
	0.376 : (2, 11)
	0.599 : (3, 10)
	0.013 : (5, 12)
 26 : 1.1087708830400056
	0.488 : (2, 10)
	0.488 : (3, 11)
	0.011 : (4, 12)
	0.011 : (5, 13)
 27 : 1.1087708830400065
	0.599 : (2, 11)
	0.376 : (3, 10)
	0.013 : (4, 13)
 28 : 1.2000960373186904
	0.307 : (2, 12)
	0.358 : (2, 13)
	0.011 : (3, 12)
	0.307 : (3, 13)
 29 : 1.2000960373186922
	0.069 : (2, 12)
	0.112 : (2, 13)
	0.734 : (3, 12)
	0.069 : (3, 13)
	0.011 : (5, 10)
 30 : 1.2000960373186929
	0.115 : (2, 12)
	0.514 : (2, 13)
	0.239 : (3, 12)
	0.115 : (3, 13)
 31 : 1.300785108827694
	0.480 : (2, 10)
	0.480 : (3, 11)
	0.012 : (4, 12)
	0.012 : (5, 13)
 32 : 1.3257619770767868
	0.499 : (2, 12)
	0.499 : (3, 13)
 33 : 19.95852637214255
	1.000 : (0, 11)
 34 : 19.95852637214259
	0.500 : (0, 10)
	0.500 : (1, 11)
 35 : 19.958526372142646
	1.000 : (1, 10)
 36 : 20.010979374992036
	0.500 : (0, 10)
	0.500 : (1, 11)
 37 : 20.011342041005932
	0.591 : (0, 13)
	0.409 : (1, 12)
 38 : 20.011342041005946
	0.499 : (0, 12)
	0.499 : (1, 13)
 39 : 20.011342041005992
	0.408 : (0, 13)
	0.590 : (1, 12)
 40 : 20.05053189403513
	0.500 : (0, 12)
	0.500 : (1, 13)
