scf energy for cuhf: -74.94207989897649
 1 : 0.28725544198609215
	0.500 : (8, 10)
	0.500 : (9, 11)
 2 : 0.2872554419860926
	1.000 : (9, 10)
 3 : 0.28725544198609265
	1.000 : (8, 11)
 4 : 0.3444249201198771
	0.051 : (4, 13)
	0.051 : (5, 12)
	0.444 : (6, 10)
	0.444 : (7, 11)
 5 : 0.34442492011987813
	0.099 : (5, 13)
	0.021 : (6, 11)
	0.867 : (7, 10)
 6 : 0.3444249201198804
	0.099 : (4, 12)
	0.867 : (6, 11)
	0.021 : (7, 10)
 7 : 0.3564616969721751
	0.500 : (8, 10)
	0.500 : (9, 11)
 8 : 0.36598892718705633
	0.978 : (8, 12)
	0.022 : (9, 13)
 9 : 0.3659889271870569
	0.500 : (8, 13)
	0.500 : (9, 12)
 10 : 0.36598892718705694
	0.022 : (8, 12)
	0.978 : (9, 13)
 11 : 0.3945137153098909
	0.406 : (5, 10)
	0.591 : (7, 13)
 12 : 0.39451371530989215
	0.147 : (4, 10)
	0.111 : (4, 11)
	0.147 : (5, 11)
	0.162 : (6, 12)
	0.214 : (6, 13)
	0.214 : (7, 12)
 13 : 0.3945137153098924
	0.056 : (4, 10)
	0.295 : (4, 11)
	0.056 : (5, 11)
	0.429 : (6, 12)
	0.081 : (6, 13)
	0.081 : (7, 12)
 14 : 0.41607167150519964
	0.500 : (8, 13)
	0.500 : (9, 12)
 15 : 0.5056282302491782
	0.059 : (4, 13)
	0.059 : (5, 12)
	0.439 : (6, 10)
	0.439 : (7, 11)
 16 : 0.5142899239386438
	0.013 : (2, 13)
	0.577 : (5, 10)
	0.406 : (7, 13)
 17 : 0.514289923938645
	0.286 : (4, 10)
	0.286 : (5, 11)
	0.202 : (6, 13)
	0.202 : (7, 12)
 18 : 0.5142899239386454
	0.013 : (3, 12)
	0.572 : (4, 11)
	0.403 : (6, 12)
 19 : 0.5551918093172068
	0.153 : (4, 10)
	0.153 : (5, 11)
	0.347 : (6, 13)
	0.347 : (7, 12)
 20 : 0.5630556748846887
	0.438 : (4, 13)
	0.438 : (5, 12)
	0.054 : (6, 10)
	0.054 : (7, 11)
 21 : 0.5630556748846899
	0.011 : (2, 10)
	0.216 : (4, 12)
	0.660 : (5, 13)
	0.027 : (6, 11)
	0.082 : (7, 10)
 22 : 0.563055674884693
	0.011 : (3, 11)
	0.660 : (4, 12)
	0.216 : (5, 13)
	0.082 : (6, 11)
	0.027 : (7, 10)
 23 : 0.6553183725404892
	0.347 : (4, 10)
	0.347 : (5, 11)
	0.152 : (6, 13)
	0.152 : (7, 12)
 24 : 0.9101216155321805
	0.018 : (2, 11)
	0.018 : (3, 10)
	0.428 : (4, 13)
	0.428 : (5, 12)
	0.054 : (6, 10)
	0.054 : (7, 11)
 25 : 1.108770883086895
	0.943 : (2, 10)
	0.032 : (3, 11)
	0.021 : (5, 13)
 26 : 1.1087708830869043
	0.488 : (2, 11)
	0.488 : (3, 10)
	0.011 : (4, 13)
	0.011 : (5, 12)
 27 : 1.1087708830869065
	0.032 : (2, 10)
	0.943 : (3, 11)
	0.021 : (4, 12)
 28 : 1.2000960372978664
	0.969 : (3, 12)
	0.015 : (4, 11)
 29 : 1.2000960372978682
	0.486 : (2, 12)
	0.011 : (3, 12)
	0.486 : (3, 13)
 30 : 1.2000960372978697
	0.979 : (2, 13)
	0.015 : (5, 10)
 31 : 1.3007851089049574
	0.480 : (2, 11)
	0.480 : (3, 10)
	0.012 : (4, 13)
	0.012 : (5, 12)
 32 : 1.325761977008003
	0.499 : (2, 12)
	0.499 : (3, 13)
 33 : 19.958526372102963
	1.000 : (0, 11)
 34 : 19.958526372103044
	0.500 : (0, 10)
	0.500 : (1, 11)
 35 : 19.9585263721031
	1.000 : (1, 10)
 36 : 20.01097937495358
	0.500 : (0, 10)
	0.500 : (1, 11)
 37 : 20.011342041124777
	0.997 : (0, 12)
 38 : 20.011342041124795
	0.446 : (0, 13)
	0.446 : (1, 12)
	0.108 : (1, 13)
 39 : 20.011342041124852
	0.054 : (0, 13)
	0.054 : (1, 12)
	0.890 : (1, 13)
 40 : 20.05053189413818
	0.500 : (0, 13)
	0.500 : (1, 12)
