 1 : 0.28725508309311665
	1.000 : (8, 11)
 2 : 0.28725544193592806
	0.500 : (8, 10)
	0.500 : (9, 11)
 3 : 0.2872558007885672
	1.000 : (9, 10)
 4 : 0.344424906657397
	0.102 : (5, 12)
	0.888 : (7, 10)
 5 : 0.3444249202318928
	0.051 : (4, 12)
	0.051 : (5, 13)
	0.444 : (6, 10)
	0.444 : (7, 11)
 6 : 0.34442493380095907
	0.102 : (4, 13)
	0.888 : (6, 11)
 7 : 0.35646169692856344
	0.500 : (8, 10)
	0.500 : (9, 11)
 8 : 0.3659886145605836
	1.000 : (8, 13)
 9 : 0.36598892717063924
	0.500 : (8, 12)
	0.500 : (9, 13)
 10 : 0.3659892397927399
	1.000 : (9, 12)
 11 : 0.39451352547387325
	0.406 : (5, 10)
	0.591 : (7, 12)
 12 : 0.3945137153821364
	0.203 : (4, 10)
	0.203 : (5, 11)
	0.296 : (6, 12)
	0.296 : (7, 13)
 13 : 0.3945139052853713
	0.406 : (4, 11)
	0.591 : (6, 13)
 14 : 0.41607167152999525
	0.500 : (8, 12)
	0.500 : (9, 13)
 15 : 0.5056282302567342
	0.059 : (4, 12)
	0.059 : (5, 13)
	0.439 : (6, 10)
	0.439 : (7, 11)
 16 : 0.5142895867212248
	0.013 : (2, 13)
	0.579 : (4, 11)
	0.408 : (6, 13)
 17 : 0.514289923878517
	0.289 : (4, 10)
	0.289 : (5, 11)
	0.204 : (6, 12)
	0.204 : (7, 13)
 18 : 0.5142902610370228
	0.013 : (3, 12)
	0.579 : (5, 10)
	0.408 : (7, 12)
 19 : 0.5551918093750323
	0.153 : (4, 10)
	0.153 : (5, 11)
	0.347 : (6, 12)
	0.347 : (7, 13)
 20 : 0.5630552412179203
	0.015 : (2, 11)
	0.876 : (4, 13)
	0.109 : (6, 11)
 21 : 0.5630556749310028
	0.438 : (4, 12)
	0.438 : (5, 13)
	0.054 : (6, 10)
	0.054 : (7, 11)
 22 : 0.5630561086407089
	0.015 : (3, 10)
	0.876 : (5, 12)
	0.109 : (7, 10)
 23 : 0.6553183725243044
	0.347 : (4, 10)
	0.347 : (5, 11)
	0.152 : (6, 12)
	0.152 : (7, 13)
 24 : 0.9101216154841174
	0.018 : (2, 10)
	0.018 : (3, 11)
	0.428 : (4, 12)
	0.428 : (5, 13)
	0.054 : (6, 10)
	0.054 : (7, 11)
 25 : 1.108770762631437
	0.975 : (2, 11)
	0.022 : (4, 13)
 26 : 1.1087708830343477
	0.488 : (2, 10)
	0.488 : (3, 11)
	0.011 : (4, 12)
	0.011 : (5, 13)
 27 : 1.108771003438882
	0.975 : (3, 10)
	0.022 : (5, 12)
 28 : 1.200096004885217
	0.984 : (2, 13)
	0.015 : (4, 11)
 29 : 1.2000960373197778
	0.492 : (2, 12)
	0.492 : (3, 13)
 30 : 1.200096069759024
	0.984 : (3, 12)
	0.015 : (5, 10)
 31 : 1.300785108820268
	0.480 : (2, 10)
	0.480 : (3, 11)
	0.012 : (4, 12)
	0.012 : (5, 13)
 32 : 1.3257619770891351
	0.499 : (2, 12)
	0.499 : (3, 13)
 33 : 19.958525437204173
	1.000 : (0, 11)
 34 : 19.958526372126435
	0.500 : (0, 10)
	0.500 : (1, 11)
 35 : 19.95852730709236
	1.000 : (1, 10)
 36 : 20.010979375017023
	0.500 : (0, 10)
	0.500 : (1, 11)
 37 : 20.011341245534886
	1.000 : (0, 13)
 38 : 20.01134204097241
	0.500 : (0, 12)
	0.500 : (1, 13)
 39 : 20.011342836449778
	1.000 : (1, 12)
 40 : 20.050531894045655
	0.500 : (0, 12)
	0.500 : (1, 13)
