scf energy for rhf: -74.94207990885411
 1 : 0.28725544354440163
	0.996 : (9, 10)
 2 : 0.28725544354440163
	0.500 : (8, 10)
	0.500 : (9, 11)
 3 : 0.2872554435444019
	0.996 : (8, 11)
 4 : 0.34442491646296497
	0.051 : (4, 12)
	0.051 : (5, 13)
	0.444 : (6, 10)
	0.444 : (7, 11)
 5 : 0.3444249164629657
	0.101 : (4, 13)
	0.884 : (6, 11)
 6 : 0.344424916462966
	0.101 : (5, 12)
	0.884 : (7, 10)
 7 : 0.35646169863558347
	0.500 : (8, 10)
	0.500 : (9, 11)
 8 : 0.36598892757992024
	0.103 : (8, 13)
	0.897 : (9, 12)
 9 : 0.3659889275799204
	0.500 : (8, 12)
	0.500 : (9, 13)
 10 : 0.36598892757992046
	0.897 : (8, 13)
	0.103 : (9, 12)
 11 : 0.39451371298575716
	0.045 : (4, 11)
	0.362 : (5, 10)
	0.065 : (6, 13)
	0.526 : (7, 12)
 12 : 0.3945137129857587
	0.203 : (4, 10)
	0.203 : (5, 11)
	0.295 : (6, 12)
	0.295 : (7, 13)
 13 : 0.39451371298575943
	0.361 : (4, 11)
	0.044 : (5, 10)
	0.525 : (6, 13)
	0.064 : (7, 12)
 14 : 0.41607167092056974
	0.500 : (8, 12)
	0.500 : (9, 13)
 15 : 0.5056282300771717
	0.059 : (4, 12)
	0.059 : (5, 13)
	0.439 : (6, 10)
	0.439 : (7, 11)
 16 : 0.5142899259786962
	0.031 : (4, 10)
	0.135 : (4, 11)
	0.381 : (5, 10)
	0.031 : (5, 11)
	0.022 : (6, 12)
	0.095 : (6, 13)
	0.268 : (7, 12)
	0.022 : (7, 13)
 17 : 0.5142899259786985
	0.158 : (4, 10)
	0.094 : (4, 11)
	0.169 : (5, 10)
	0.158 : (5, 11)
	0.112 : (6, 12)
	0.066 : (6, 13)
	0.119 : (7, 12)
	0.112 : (7, 13)
 18 : 0.5142899259787007
	0.100 : (4, 10)
	0.350 : (4, 11)
	0.029 : (5, 10)
	0.100 : (5, 11)
	0.070 : (6, 12)
	0.246 : (6, 13)
	0.021 : (7, 12)
	0.070 : (7, 13)
 19 : 0.5551918075188118
	0.153 : (4, 10)
	0.153 : (5, 11)
	0.347 : (6, 12)
	0.347 : (7, 13)
 20 : 0.5630556734218304
	0.015 : (3, 10)
	0.022 : (4, 13)
	0.854 : (5, 12)
	0.106 : (7, 10)
 21 : 0.5630556734218316
	0.015 : (2, 11)
	0.854 : (4, 13)
	0.022 : (5, 12)
	0.106 : (6, 11)
 22 : 0.563055673421838
	0.438 : (4, 12)
	0.438 : (5, 13)
	0.054 : (6, 10)
	0.054 : (7, 11)
 23 : 0.6553183731225956
	0.347 : (4, 10)
	0.347 : (5, 11)
	0.152 : (6, 12)
	0.152 : (7, 13)
 24 : 0.9101216171314155
	0.018 : (2, 10)
	0.018 : (3, 11)
	0.428 : (4, 12)
	0.428 : (5, 13)
	0.054 : (6, 10)
	0.054 : (7, 11)
 25 : 1.1087708848498758
	0.798 : (2, 11)
	0.177 : (3, 10)
	0.018 : (4, 13)
 26 : 1.1087708848498774
	0.488 : (2, 10)
	0.488 : (3, 11)
	0.011 : (4, 12)
	0.011 : (5, 13)
 27 : 1.1087708848498783
	0.177 : (2, 11)
	0.798 : (3, 10)
	0.018 : (5, 12)
 28 : 1.2000960365167728
	0.011 : (2, 12)
	0.933 : (2, 13)
	0.029 : (3, 12)
	0.011 : (3, 13)
	0.014 : (4, 11)
 29 : 1.2000960365167754
	0.439 : (2, 12)
	0.098 : (3, 12)
	0.439 : (3, 13)
 30 : 1.2000960365167765
	0.042 : (2, 12)
	0.043 : (2, 13)
	0.858 : (3, 12)
	0.042 : (3, 13)
	0.013 : (5, 10)
 31 : 1.3007851118078193
	0.480 : (2, 10)
	0.480 : (3, 11)
	0.012 : (4, 12)
	0.012 : (5, 13)
 32 : 1.3257619744262261
	0.499 : (2, 12)
	0.499 : (3, 13)
 33 : 19.95852637062307
	0.455 : (0, 10)
	0.090 : (0, 11)
	0.455 : (1, 11)
 34 : 19.958526370623073
	0.045 : (0, 10)
	0.910 : (0, 11)
	0.045 : (1, 11)
 35 : 19.958526370623126
	1.000 : (1, 10)
 36 : 20.01097937351452
	0.500 : (0, 10)
	0.500 : (1, 11)
 37 : 20.011342045591487
	0.232 : (0, 13)
	0.768 : (1, 12)
 38 : 20.0113420455915
	0.028 : (0, 12)
	0.723 : (0, 13)
	0.221 : (1, 12)
	0.028 : (1, 13)
 39 : 20.011342045591544
	0.472 : (0, 12)
	0.044 : (0, 13)
	0.011 : (1, 12)
	0.472 : (1, 13)
 40 : 20.050531898010387
	0.500 : (0, 12)
	0.500 : (1, 13)
