scf energy for uhf: -74.94207989868084
 1 : 0.287255361745655
	1.000 : (8, 11)
 2 : 0.28725544193934727
	0.500 : (8, 10)
	0.500 : (9, 11)
 3 : 0.28725552213353
	1.000 : (9, 10)
 4 : 0.34442491719658336
	0.102 : (5, 12)
	0.888 : (7, 10)
 5 : 0.3444249202296898
	0.051 : (4, 12)
	0.051 : (5, 13)
	0.444 : (6, 10)
	0.444 : (7, 11)
 6 : 0.34442492326252455
	0.102 : (4, 13)
	0.888 : (6, 11)
 7 : 0.3564616969227088
	0.500 : (8, 10)
	0.500 : (9, 11)
 8 : 0.36598885731325365
	1.000 : (8, 13)
 9 : 0.3659889271752153
	0.500 : (8, 12)
	0.500 : (9, 13)
 10 : 0.3659889970377805
	1.000 : (9, 12)
 11 : 0.3945136729401306
	0.406 : (5, 10)
	0.591 : (7, 12)
 12 : 0.3945137153796757
	0.203 : (4, 10)
	0.203 : (5, 11)
	0.296 : (6, 12)
	0.296 : (7, 13)
 13 : 0.3945137578189725
	0.406 : (4, 11)
	0.591 : (6, 13)
 14 : 0.4160716715231947
	0.500 : (8, 12)
	0.500 : (9, 13)
 15 : 0.5056282302544942
	0.059 : (4, 12)
	0.059 : (5, 13)
	0.439 : (6, 10)
	0.439 : (7, 11)
 16 : 0.514289848530766
	0.013 : (2, 13)
	0.579 : (4, 11)
	0.408 : (6, 13)
 17 : 0.5142899238775113
	0.289 : (4, 10)
	0.289 : (5, 11)
	0.204 : (6, 12)
	0.204 : (7, 13)
 18 : 0.5142899992243203
	0.013 : (3, 12)
	0.579 : (5, 10)
	0.408 : (7, 12)
 19 : 0.5551918093713663
	0.153 : (4, 10)
	0.153 : (5, 11)
	0.347 : (6, 12)
	0.347 : (7, 13)
 20 : 0.5630555780044404
	0.015 : (2, 11)
	0.876 : (4, 13)
	0.109 : (6, 11)
 21 : 0.5630556749287083
	0.438 : (4, 12)
	0.438 : (5, 13)
	0.054 : (6, 10)
	0.054 : (7, 11)
 22 : 0.5630557718528167
	0.015 : (3, 10)
	0.876 : (5, 12)
	0.109 : (7, 10)
 23 : 0.6553183725231189
	0.347 : (4, 10)
	0.347 : (5, 11)
	0.152 : (6, 12)
	0.152 : (7, 13)
 24 : 0.9101216154842033
	0.018 : (2, 10)
	0.018 : (3, 11)
	0.428 : (4, 12)
	0.428 : (5, 13)
	0.054 : (6, 10)
	0.054 : (7, 11)
 25 : 1.108770856126752
	0.975 : (2, 11)
	0.022 : (4, 13)
 26 : 1.108770883034078
	0.488 : (2, 10)
	0.488 : (3, 11)
	0.011 : (4, 12)
	0.011 : (5, 13)
 27 : 1.1087709099414853
	0.975 : (3, 10)
	0.022 : (5, 12)
 28 : 1.2000960300724905
	0.984 : (2, 13)
	0.015 : (4, 11)
 29 : 1.2000960373212446
	0.492 : (2, 12)
	0.492 : (3, 13)
 30 : 1.2000960445702373
	0.984 : (3, 12)
	0.015 : (5, 10)
 31 : 1.3007851088180293
	0.480 : (2, 10)
	0.480 : (3, 11)
	0.012 : (4, 12)
	0.012 : (5, 13)
 32 : 1.3257619770856706
	0.499 : (2, 12)
	0.499 : (3, 13)
 33 : 19.958526163209868
	1.000 : (0, 11)
 34 : 19.958526372146515
	0.500 : (0, 10)
	0.500 : (1, 11)
 35 : 19.958526581085433
	1.000 : (1, 10)
 36 : 20.010979374998
	0.500 : (0, 10)
	0.500 : (1, 11)
 37 : 20.011341863225116
	1.000 : (0, 13)
 38 : 20.01134204098987
	0.500 : (0, 12)
	0.500 : (1, 13)
 39 : 20.01134221875683
	1.000 : (1, 12)
 40 : 20.050531894023294
	0.500 : (0, 12)
	0.500 : (1, 13)
