scf energy for cuhf: -74.94207989869696
 1 : 0.2872554419420514
	1.000 : (9, 10)
 2 : 0.28725544194205627
	0.500 : (8, 10)
	0.500 : (9, 11)
 3 : 0.28725544194205654
	1.000 : (8, 11)
 4 : 0.3444249202236258
	0.102 : (5, 13)
	0.888 : (7, 10)
 5 : 0.3444249202236271
	0.052 : (4, 12)
	0.025 : (4, 13)
	0.025 : (5, 12)
	0.217 : (6, 10)
	0.455 : (6, 11)
	0.217 : (7, 11)
 6 : 0.34442492022362764
	0.050 : (4, 12)
	0.026 : (4, 13)
	0.026 : (5, 12)
	0.228 : (6, 10)
	0.433 : (6, 11)
	0.228 : (7, 11)
 7 : 0.3564616969251004
	0.500 : (8, 10)
	0.500 : (9, 11)
 8 : 0.3659889271760915
	0.995 : (8, 12)
 9 : 0.3659889271760918
	0.498 : (8, 13)
	0.498 : (9, 12)
 10 : 0.36598892717609216
	1.000 : (9, 13)
 11 : 0.3945137153757696
	0.019 : (4, 10)
	0.369 : (4, 11)
	0.019 : (5, 11)
	0.537 : (6, 12)
	0.027 : (6, 13)
	0.027 : (7, 12)
 12 : 0.39451371537576985
	0.184 : (4, 10)
	0.037 : (4, 11)
	0.184 : (5, 11)
	0.054 : (6, 12)
	0.268 : (6, 13)
	0.268 : (7, 12)
 13 : 0.39451371537577296
	0.406 : (5, 10)
	0.591 : (7, 13)
 14 : 0.4160716715218834
	0.500 : (8, 13)
	0.500 : (9, 12)
 15 : 0.5056282302540938
	0.059 : (4, 13)
	0.059 : (5, 12)
	0.439 : (6, 10)
	0.439 : (7, 11)
 16 : 0.5142899238807771
	0.012 : (3, 12)
	0.034 : (4, 10)
	0.511 : (4, 11)
	0.034 : (5, 11)
	0.360 : (6, 12)
	0.024 : (6, 13)
	0.024 : (7, 12)
 17 : 0.5142899238807773
	0.013 : (2, 13)
	0.578 : (5, 10)
	0.408 : (7, 13)
 18 : 0.5142899238807775
	0.256 : (4, 10)
	0.067 : (4, 11)
	0.256 : (5, 11)
	0.048 : (6, 12)
	0.180 : (6, 13)
	0.180 : (7, 12)
 19 : 0.5551918093682484
	0.153 : (4, 10)
	0.153 : (5, 11)
	0.347 : (6, 13)
	0.347 : (7, 12)
 20 : 0.5630556749262146
	0.434 : (4, 13)
	0.434 : (5, 12)
	0.054 : (6, 10)
	0.054 : (7, 11)
 21 : 0.563055674926215
	0.015 : (3, 11)
	0.868 : (4, 12)
	0.108 : (6, 11)
 22 : 0.5630556749262181
	0.015 : (2, 10)
	0.876 : (5, 13)
	0.109 : (7, 10)
 23 : 0.6553183725240017
	0.347 : (4, 10)
	0.347 : (5, 11)
	0.152 : (6, 13)
	0.152 : (7, 12)
 24 : 0.9101216154868108
	0.018 : (2, 11)
	0.018 : (3, 10)
	0.428 : (4, 13)
	0.428 : (5, 12)
	0.054 : (6, 10)
	0.054 : (7, 11)
 25 : 1.1087708830369327
	0.968 : (3, 11)
	0.022 : (4, 12)
 26 : 1.1087708830369334
	0.975 : (2, 10)
	0.022 : (5, 13)
 27 : 1.1087708830369343
	0.484 : (2, 11)
	0.484 : (3, 10)
	0.011 : (4, 13)
	0.011 : (5, 12)
 28 : 1.2000960373200504
	0.485 : (2, 12)
	0.015 : (3, 12)
	0.485 : (3, 13)
 29 : 1.2000960373200558
	0.969 : (3, 12)
	0.015 : (4, 11)
 30 : 1.2000960373200573
	0.984 : (2, 13)
	0.015 : (5, 10)
 31 : 1.3007851088226352
	0.480 : (2, 11)
	0.480 : (3, 10)
	0.012 : (4, 13)
	0.012 : (5, 12)
 32 : 1.3257619770812907
	0.499 : (2, 12)
	0.499 : (3, 13)
 33 : 19.958526372145183
	0.499 : (0, 11)
	0.499 : (1, 10)
 34 : 19.958526372145194
	1.000 : (0, 10)
 35 : 19.95852637214522
	0.997 : (1, 11)
 36 : 20.010979374994548
	0.500 : (0, 11)
	0.500 : (1, 10)
 37 : 20.011342040998212
	0.059 : (0, 12)
	0.882 : (1, 12)
	0.059 : (1, 13)
 38 : 20.011342040998223
	0.441 : (0, 12)
	0.118 : (1, 12)
	0.441 : (1, 13)
 39 : 20.011342040998247
	1.000 : (0, 13)
 40 : 20.050531894028484
	0.500 : (0, 12)
	0.500 : (1, 13)
