scf energy for rhf: -74.94207994237775
 1 : 0.28725544883303855
	0.500 : (8, 10)
	0.500 : (9, 11)
 2 : 0.2872554488330387
	1.000 : (8, 11)
 3 : 0.28725544883303894
	1.000 : (9, 10)
 4 : 0.3444249040507824
	0.016 : (4, 13)
	0.086 : (5, 12)
	0.142 : (6, 11)
	0.746 : (7, 10)
 5 : 0.34442490405078274
	0.086 : (4, 13)
	0.016 : (5, 12)
	0.746 : (6, 11)
	0.142 : (7, 10)
 6 : 0.3444249040507839
	0.051 : (4, 12)
	0.051 : (5, 13)
	0.444 : (6, 10)
	0.444 : (7, 11)
 7 : 0.3564617042811056
	0.500 : (8, 10)
	0.500 : (9, 11)
 8 : 0.3659889289128093
	0.677 : (8, 13)
	0.323 : (9, 12)
 9 : 0.3659889289128093
	0.500 : (8, 12)
	0.500 : (9, 13)
 10 : 0.36598892891280943
	0.323 : (8, 13)
	0.677 : (9, 12)
 11 : 0.39451370509742706
	0.203 : (4, 10)
	0.203 : (5, 11)
	0.295 : (6, 12)
	0.295 : (7, 13)
 12 : 0.39451370509742784
	0.281 : (4, 11)
	0.125 : (5, 10)
	0.409 : (6, 13)
	0.182 : (7, 12)
 13 : 0.39451370509742845
	0.125 : (4, 11)
	0.281 : (5, 10)
	0.182 : (6, 13)
	0.409 : (7, 12)
 14 : 0.41607166893596936
	0.500 : (8, 12)
	0.500 : (9, 13)
 15 : 0.5056282294932648
	0.059 : (4, 12)
	0.059 : (5, 13)
	0.439 : (6, 10)
	0.439 : (7, 11)
 16 : 0.5142899329029305
	0.295 : (4, 11)
	0.266 : (5, 10)
	0.208 : (6, 13)
	0.187 : (7, 12)
 17 : 0.5142899329029313
	0.256 : (4, 11)
	0.312 : (5, 10)
	0.181 : (6, 13)
	0.220 : (7, 12)
 18 : 0.5142899329029328
	0.275 : (4, 10)
	0.028 : (4, 11)
	0.275 : (5, 11)
	0.194 : (6, 12)
	0.020 : (6, 13)
	0.194 : (7, 13)
 19 : 0.5551918014146752
	0.153 : (4, 10)
	0.153 : (5, 11)
	0.347 : (6, 12)
	0.347 : (7, 13)
 20 : 0.5630556684565364
	0.014 : (2, 11)
	0.809 : (4, 13)
	0.068 : (5, 12)
	0.100 : (6, 11)
 21 : 0.5630556684565375
	0.014 : (3, 10)
	0.068 : (4, 13)
	0.809 : (5, 12)
	0.100 : (7, 10)
 22 : 0.563055668456544
	0.438 : (4, 12)
	0.438 : (5, 13)
	0.054 : (6, 10)
	0.054 : (7, 11)
 23 : 0.6553183750982563
	0.347 : (4, 10)
	0.347 : (5, 11)
	0.152 : (6, 12)
	0.152 : (7, 13)
 24 : 0.9101216225594726
	0.018 : (2, 10)
	0.018 : (3, 11)
	0.428 : (4, 12)
	0.428 : (5, 13)
	0.054 : (6, 10)
	0.054 : (7, 11)
 25 : 1.1087708908336094
	0.488 : (2, 10)
	0.488 : (3, 11)
	0.011 : (4, 12)
	0.011 : (5, 13)
 26 : 1.1087708908336102
	0.036 : (2, 11)
	0.939 : (3, 10)
	0.021 : (5, 12)
 27 : 1.1087708908336178
	0.939 : (2, 11)
	0.036 : (3, 10)
	0.021 : (4, 13)
 28 : 1.2000960338655964
	0.472 : (2, 12)
	0.037 : (3, 12)
	0.472 : (3, 13)
 29 : 1.2000960338655968
	0.774 : (2, 13)
	0.208 : (3, 12)
	0.012 : (4, 11)
 30 : 1.2000960338655988
	0.019 : (2, 12)
	0.207 : (2, 13)
	0.738 : (3, 12)
	0.019 : (3, 13)
	0.011 : (5, 10)
 31 : 1.300785121660523
	0.480 : (2, 10)
	0.480 : (3, 11)
	0.012 : (4, 12)
	0.012 : (5, 13)
 32 : 1.3257619656632136
	0.499 : (2, 12)
	0.499 : (3, 13)
 33 : 19.958526365599337
	0.992 : (1, 10)
 34 : 19.958526365599347
	0.486 : (0, 10)
	0.027 : (0, 11)
	0.486 : (1, 11)
 35 : 19.958526365599358
	0.014 : (0, 10)
	0.965 : (0, 11)
	0.014 : (1, 11)
 36 : 20.01097936862965
	0.500 : (0, 10)
	0.500 : (1, 11)
 37 : 20.01134206075196
	0.155 : (0, 13)
	0.835 : (1, 12)
 38 : 20.011342060751975
	0.843 : (0, 13)
	0.157 : (1, 12)
 39 : 20.011342060751986
	0.495 : (0, 12)
	0.495 : (1, 13)
 40 : 20.05053191115277
	0.500 : (0, 12)
	0.500 : (1, 13)
