scf energy for uhf: -74.94207989868076
 1 : 0.2872551402397538
	1.000 : (8, 11)
 2 : 0.28725544193698277
	0.500 : (8, 10)
	0.500 : (9, 11)
 3 : 0.2872557436411602
	1.000 : (9, 10)
 4 : 0.34442490881883847
	0.102 : (5, 12)
	0.888 : (7, 10)
 5 : 0.34442492023120713
	0.051 : (4, 12)
	0.051 : (5, 13)
	0.444 : (6, 10)
	0.444 : (7, 11)
 6 : 0.3444249316397497
	0.102 : (4, 13)
	0.888 : (6, 11)
 7 : 0.35646169692677354
	0.500 : (8, 10)
	0.500 : (9, 11)
 8 : 0.36598866434479244
	1.000 : (8, 13)
 9 : 0.36598892717203274
	0.500 : (8, 12)
	0.500 : (9, 13)
 10 : 0.36598919000781893
	1.000 : (9, 12)
 11 : 0.3945135557166197
	0.406 : (5, 10)
	0.591 : (7, 12)
 12 : 0.394513715381376
	0.203 : (4, 10)
	0.203 : (5, 11)
	0.296 : (6, 12)
	0.296 : (7, 13)
 13 : 0.3945138750425826
	0.406 : (4, 11)
	0.591 : (6, 13)
 14 : 0.41607167152789537
	0.500 : (8, 12)
	0.500 : (9, 13)
 15 : 0.5056282302560444
	0.059 : (4, 12)
	0.059 : (5, 13)
	0.439 : (6, 10)
	0.439 : (7, 11)
 16 : 0.5142896404136217
	0.013 : (2, 13)
	0.579 : (4, 11)
	0.408 : (6, 13)
 17 : 0.514289923878197
	0.289 : (4, 10)
	0.289 : (5, 11)
	0.204 : (6, 12)
	0.204 : (7, 13)
 18 : 0.5142902073436489
	0.013 : (3, 12)
	0.579 : (5, 10)
	0.408 : (7, 12)
 19 : 0.5551918093739138
	0.153 : (4, 10)
	0.153 : (5, 11)
	0.347 : (6, 12)
	0.347 : (7, 13)
 20 : 0.5630553102868793
	0.015 : (2, 11)
	0.876 : (4, 13)
	0.109 : (6, 11)
 21 : 0.5630556749302775
	0.438 : (4, 12)
	0.438 : (5, 13)
	0.054 : (6, 10)
	0.054 : (7, 11)
 22 : 0.563056039571326
	0.015 : (3, 10)
	0.876 : (5, 12)
	0.109 : (7, 10)
 23 : 0.6553183725239395
	0.347 : (4, 10)
	0.347 : (5, 11)
	0.152 : (6, 12)
	0.152 : (7, 13)
 24 : 0.9101216154841447
	0.018 : (2, 10)
	0.018 : (3, 11)
	0.428 : (4, 12)
	0.428 : (5, 13)
	0.054 : (6, 10)
	0.054 : (7, 11)
 25 : 1.1087707818055845
	0.975 : (2, 11)
	0.022 : (4, 13)
 26 : 1.108770883034262
	0.488 : (2, 10)
	0.488 : (3, 11)
	0.011 : (4, 12)
	0.011 : (5, 13)
 27 : 1.1087709842640898
	0.975 : (3, 10)
	0.022 : (5, 12)
 28 : 1.2000960100506106
	0.984 : (2, 13)
	0.015 : (4, 11)
 29 : 1.200096037320229
	0.492 : (2, 12)
	0.492 : (3, 13)
 30 : 1.2000960645931638
	0.984 : (3, 12)
	0.015 : (5, 10)
 31 : 1.300785108819574
	0.480 : (2, 10)
	0.480 : (3, 11)
	0.012 : (4, 12)
	0.012 : (5, 13)
 32 : 1.325761977088061
	0.499 : (2, 12)
	0.499 : (3, 13)
 33 : 19.958525586095273
	1.000 : (0, 11)
 34 : 19.958526372132646
	0.500 : (0, 10)
	0.500 : (1, 11)
 35 : 19.958527158200987
	1.000 : (1, 10)
 36 : 20.010979375012795
	0.500 : (0, 10)
	0.500 : (1, 11)
 37 : 20.011341372212215
	1.000 : (0, 13)
 38 : 20.011342040976185
	0.500 : (0, 12)
	0.500 : (1, 13)
 39 : 20.01134270977162
	1.000 : (1, 12)
 40 : 20.050531894038762
	0.500 : (0, 12)
	0.500 : (1, 13)
