scf energy for cuhf: -74.94207989868463
 1 : 0.28725544194011654
	1.000 : (9, 10)
 2 : 0.2872554419401172
	1.000 : (8, 11)
 3 : 0.2872554419401207
	0.500 : (8, 10)
	0.500 : (9, 11)
 4 : 0.3444249202281895
	0.051 : (4, 13)
	0.051 : (5, 12)
	0.444 : (6, 11)
	0.444 : (7, 10)
 5 : 0.3444249202281899
	0.099 : (5, 13)
	0.861 : (6, 10)
	0.027 : (7, 11)
 6 : 0.344424920228191
	0.099 : (4, 12)
	0.027 : (6, 10)
	0.861 : (7, 11)
 7 : 0.3564616969230301
	0.500 : (8, 10)
	0.500 : (9, 11)
 8 : 0.36598892717560727
	1.000 : (9, 13)
 9 : 0.36598892717560766
	1.000 : (8, 12)
 10 : 0.36598892717560855
	0.500 : (8, 13)
	0.500 : (9, 12)
 11 : 0.39451371537866825
	0.069 : (4, 11)
	0.337 : (5, 10)
	0.490 : (6, 13)
	0.101 : (7, 12)
 12 : 0.3945137153786698
	0.195 : (4, 10)
	0.015 : (4, 11)
	0.195 : (5, 11)
	0.283 : (6, 12)
	0.022 : (7, 12)
	0.283 : (7, 13)
 13 : 0.3945137153786702
	0.322 : (4, 11)
	0.067 : (5, 10)
	0.013 : (6, 12)
	0.098 : (6, 13)
	0.468 : (7, 12)
	0.013 : (7, 13)
 14 : 0.41607167152261826
	0.500 : (8, 13)
	0.500 : (9, 12)
 15 : 0.5056282302543089
	0.059 : (4, 13)
	0.059 : (5, 12)
	0.439 : (6, 11)
	0.439 : (7, 10)
 16 : 0.5142899238782319
	0.011 : (2, 13)
	0.097 : (4, 11)
	0.478 : (5, 10)
	0.337 : (6, 13)
	0.068 : (7, 12)
 17 : 0.5142899238782328
	0.043 : (4, 10)
	0.398 : (4, 11)
	0.095 : (5, 10)
	0.043 : (5, 11)
	0.030 : (6, 12)
	0.067 : (6, 13)
	0.280 : (7, 12)
	0.030 : (7, 13)
 18 : 0.5142899238782337
	0.245 : (4, 10)
	0.084 : (4, 11)
	0.245 : (5, 11)
	0.173 : (6, 12)
	0.059 : (7, 12)
	0.173 : (7, 13)
 19 : 0.5551918093704934
	0.153 : (4, 10)
	0.153 : (5, 11)
	0.347 : (6, 12)
	0.347 : (7, 13)
 20 : 0.5630556749280408
	0.431 : (4, 12)
	0.445 : (5, 13)
	0.055 : (6, 10)
	0.053 : (7, 11)
 21 : 0.5630556749280416
	0.445 : (4, 12)
	0.431 : (5, 13)
	0.053 : (6, 10)
	0.055 : (7, 11)
 22 : 0.5630556749280421
	0.438 : (4, 13)
	0.438 : (5, 12)
	0.054 : (6, 11)
	0.054 : (7, 10)
 23 : 0.6553183725232772
	0.347 : (4, 10)
	0.347 : (5, 11)
	0.152 : (6, 12)
	0.152 : (7, 13)
 24 : 0.9101216154848182
	0.018 : (2, 11)
	0.018 : (3, 10)
	0.428 : (4, 13)
	0.428 : (5, 12)
	0.054 : (6, 11)
	0.054 : (7, 10)
 25 : 1.1087708830347291
	0.488 : (2, 11)
	0.488 : (3, 10)
	0.011 : (4, 13)
	0.011 : (5, 12)
 26 : 1.1087708830347307
	0.975 : (3, 11)
	0.022 : (4, 12)
 27 : 1.1087708830347358
	0.975 : (2, 10)
	0.022 : (5, 13)
 28 : 1.2000960373210279
	0.507 : (2, 13)
	0.462 : (3, 12)
 29 : 1.2000960373210292
	0.465 : (2, 13)
	0.518 : (3, 12)
 30 : 1.2000960373210299
	0.484 : (2, 12)
	0.012 : (2, 13)
	0.484 : (3, 13)
 31 : 1.3007851088190117
	0.480 : (2, 11)
	0.480 : (3, 10)
	0.012 : (4, 13)
	0.012 : (5, 12)
 32 : 1.3257619770845126
	0.499 : (2, 12)
	0.499 : (3, 13)
 33 : 19.958526372147016
	0.479 : (0, 10)
	0.043 : (0, 11)
	0.479 : (1, 11)
 34 : 19.958526372147034
	0.021 : (0, 10)
	0.936 : (0, 11)
	0.022 : (1, 10)
	0.021 : (1, 11)
 35 : 19.958526372147038
	0.022 : (0, 11)
	0.978 : (1, 10)
 36 : 20.010979374996342
	0.500 : (0, 10)
	0.500 : (1, 11)
 37 : 20.011342040992556
	0.698 : (0, 12)
	0.151 : (0, 13)
	0.151 : (1, 12)
 38 : 20.01134204099261
	0.984 : (1, 13)
 39 : 20.011342040992663
	0.297 : (0, 12)
	0.344 : (0, 13)
	0.344 : (1, 12)
	0.016 : (1, 13)
 40 : 20.050531894023532
	0.500 : (0, 13)
	0.500 : (1, 12)
