scf energy for cuhf: -74.94207989868272
 1 : 0.2872554419398099
	0.500 : (8, 10)
	0.500 : (9, 11)
 2 : 0.28725544193981034
	1.000 : (8, 11)
 3 : 0.28725544193981073
	1.000 : (9, 10)
 4 : 0.34442492022890303
	0.102 : (5, 12)
	0.888 : (6, 10)
 5 : 0.3444249202289046
	0.102 : (4, 13)
	0.888 : (7, 11)
 6 : 0.3444249202289051
	0.051 : (4, 12)
	0.051 : (5, 13)
	0.444 : (6, 11)
	0.444 : (7, 10)
 7 : 0.3564616969227016
	0.500 : (8, 10)
	0.500 : (9, 11)
 8 : 0.36598892717552894
	1.000 : (9, 12)
 9 : 0.3659889271755293
	0.297 : (8, 12)
	0.406 : (8, 13)
	0.297 : (9, 13)
 10 : 0.3659889271755294
	0.203 : (8, 12)
	0.594 : (8, 13)
	0.203 : (9, 13)
 11 : 0.3945137153791226
	0.018 : (4, 10)
	0.371 : (4, 11)
	0.018 : (5, 11)
	0.026 : (6, 13)
	0.026 : (7, 12)
	0.539 : (7, 13)
 12 : 0.3945137153791233
	0.401 : (5, 10)
	0.583 : (6, 12)
 13 : 0.39451371537912333
	0.183 : (4, 10)
	0.035 : (4, 11)
	0.183 : (5, 11)
	0.266 : (6, 13)
	0.266 : (7, 12)
	0.051 : (7, 13)
 14 : 0.4160716715227304
	0.500 : (8, 12)
	0.500 : (9, 13)
 15 : 0.5056282302543412
	0.059 : (4, 12)
	0.059 : (5, 13)
	0.439 : (6, 11)
	0.439 : (7, 10)
 16 : 0.5142899238778316
	0.012 : (2, 13)
	0.020 : (4, 10)
	0.539 : (4, 11)
	0.020 : (5, 11)
	0.014 : (6, 13)
	0.014 : (7, 12)
	0.380 : (7, 13)
 17 : 0.5142899238778327
	0.013 : (3, 12)
	0.574 : (5, 10)
	0.404 : (6, 12)
 18 : 0.5142899238778329
	0.267 : (4, 10)
	0.039 : (4, 11)
	0.267 : (5, 11)
	0.188 : (6, 13)
	0.188 : (7, 12)
	0.028 : (7, 13)
 19 : 0.5551918093708441
	0.153 : (4, 10)
	0.153 : (5, 11)
	0.347 : (6, 13)
	0.347 : (7, 12)
 20 : 0.5630556749283258
	0.015 : (3, 10)
	0.876 : (5, 12)
	0.109 : (6, 10)
 21 : 0.5630556749283259
	0.015 : (2, 11)
	0.876 : (4, 13)
	0.109 : (7, 11)
 22 : 0.5630556749283268
	0.438 : (4, 12)
	0.438 : (5, 13)
	0.054 : (6, 11)
	0.054 : (7, 10)
 23 : 0.6553183725231617
	0.347 : (4, 10)
	0.347 : (5, 11)
	0.152 : (6, 13)
	0.152 : (7, 12)
 24 : 0.9101216154845031
	0.018 : (2, 10)
	0.018 : (3, 11)
	0.428 : (4, 12)
	0.428 : (5, 13)
	0.054 : (6, 11)
	0.054 : (7, 10)
 25 : 1.108770883034387
	0.975 : (3, 10)
	0.022 : (5, 12)
 26 : 1.1087708830343872
	0.484 : (2, 10)
	0.484 : (3, 11)
	0.011 : (4, 12)
	0.011 : (5, 13)
 27 : 1.1087708830343888
	0.969 : (2, 11)
	0.022 : (4, 13)
 28 : 1.2000960373211822
	0.131 : (2, 12)
	0.324 : (2, 13)
	0.399 : (3, 12)
	0.131 : (3, 13)
 29 : 1.2000960373211826
	0.089 : (2, 12)
	0.221 : (2, 13)
	0.585 : (3, 12)
	0.089 : (3, 13)
 30 : 1.2000960373211853
	0.273 : (2, 12)
	0.439 : (2, 13)
	0.273 : (3, 13)
 31 : 1.3007851088184461
	0.480 : (2, 10)
	0.480 : (3, 11)
	0.012 : (4, 12)
	0.012 : (5, 13)
 32 : 1.3257619770850213
	0.499 : (2, 12)
	0.499 : (3, 13)
 33 : 19.95852637214733
	1.000 : (0, 10)
 34 : 19.958526372147332
	0.500 : (0, 11)
	0.500 : (1, 10)
 35 : 19.95852637214737
	1.000 : (1, 11)
 36 : 20.010979374996634
	0.500 : (0, 11)
	0.500 : (1, 10)
 37 : 20.01134204099176
	0.995 : (1, 13)
 38 : 20.011342040991774
	0.495 : (0, 13)
	0.495 : (1, 12)
 39 : 20.011342040991774
	0.996 : (0, 12)
 40 : 20.050531894022843
	0.500 : (0, 13)
	0.500 : (1, 12)
