scf energy for cuhf: -74.94207989868138
 1 : 0.28725544193959063
	0.500 : (8, 11)
	0.500 : (9, 10)
 2 : 0.2872554419395908
	1.000 : (8, 10)
 3 : 0.2872554419395909
	1.000 : (9, 11)
 4 : 0.3444249202294169
	0.051 : (4, 12)
	0.051 : (5, 13)
	0.444 : (6, 11)
	0.444 : (7, 10)
 5 : 0.34442492022941745
	0.033 : (4, 13)
	0.069 : (5, 12)
	0.600 : (6, 10)
	0.289 : (7, 11)
 6 : 0.3444249202294182
	0.069 : (4, 13)
	0.033 : (5, 12)
	0.289 : (6, 10)
	0.600 : (7, 11)
 7 : 0.35646169692246865
	0.500 : (8, 11)
	0.500 : (9, 10)
 8 : 0.36598892717547277
	0.875 : (8, 12)
	0.125 : (9, 13)
 9 : 0.36598892717547304
	0.125 : (8, 12)
	0.875 : (9, 13)
 10 : 0.3659889271754733
	0.500 : (8, 13)
	0.500 : (9, 12)
 11 : 0.3945137153794487
	0.398 : (5, 10)
	0.579 : (6, 12)
	0.012 : (7, 13)
 12 : 0.3945137153794493
	0.203 : (4, 10)
	0.203 : (5, 11)
	0.295 : (6, 13)
	0.295 : (7, 12)
 13 : 0.39451371537945057
	0.398 : (4, 11)
	0.012 : (6, 12)
	0.579 : (7, 13)
 14 : 0.4160716715228121
	0.500 : (8, 13)
	0.500 : (9, 12)
 15 : 0.5056282302543635
	0.059 : (4, 12)
	0.059 : (5, 13)
	0.439 : (6, 11)
	0.439 : (7, 10)
 16 : 0.5142899238775452
	0.013 : (2, 12)
	0.577 : (5, 10)
	0.407 : (6, 12)
 17 : 0.5142899238775461
	0.288 : (4, 10)
	0.288 : (5, 11)
	0.203 : (6, 13)
	0.203 : (7, 12)
 18 : 0.5142899238775477
	0.013 : (3, 13)
	0.577 : (4, 11)
	0.407 : (7, 13)
 19 : 0.5551918093710966
	0.153 : (4, 10)
	0.153 : (5, 11)
	0.347 : (6, 13)
	0.347 : (7, 12)
 20 : 0.5630556749285293
	0.014 : (3, 11)
	0.837 : (4, 13)
	0.039 : (5, 12)
	0.104 : (7, 11)
 21 : 0.5630556749285308
	0.014 : (2, 10)
	0.039 : (4, 13)
	0.837 : (5, 12)
	0.104 : (6, 10)
 22 : 0.5630556749285351
	0.438 : (4, 12)
	0.438 : (5, 13)
	0.054 : (6, 11)
	0.054 : (7, 10)
 23 : 0.65531837252308
	0.347 : (4, 10)
	0.347 : (5, 11)
	0.152 : (6, 13)
	0.152 : (7, 12)
 24 : 0.9101216154842788
	0.018 : (2, 11)
	0.018 : (3, 10)
	0.428 : (4, 12)
	0.428 : (5, 13)
	0.054 : (6, 11)
	0.054 : (7, 10)
 25 : 1.1087708830341325
	0.928 : (2, 10)
	0.047 : (3, 11)
	0.021 : (5, 12)
 26 : 1.1087708830341372
	0.488 : (2, 11)
	0.488 : (3, 10)
	0.011 : (4, 12)
	0.011 : (5, 13)
 27 : 1.1087708830341392
	0.047 : (2, 10)
	0.928 : (3, 11)
	0.021 : (4, 13)
 28 : 1.200096037321288
	0.010 : (2, 12)
	0.487 : (2, 13)
	0.487 : (3, 12)
 29 : 1.2000960373212906
	0.708 : (2, 12)
	0.266 : (3, 13)
	0.011 : (5, 10)
 30 : 1.2000960373212923
	0.266 : (2, 12)
	0.717 : (3, 13)
	0.011 : (4, 11)
 31 : 1.3007851088180384
	0.480 : (2, 11)
	0.480 : (3, 10)
	0.012 : (4, 12)
	0.012 : (5, 13)
 32 : 1.3257619770853775
	0.499 : (2, 13)
	0.499 : (3, 12)
 33 : 19.958526372147514
	0.500 : (0, 10)
	0.500 : (1, 11)
 34 : 19.958526372147553
	0.059 : (0, 11)
	0.941 : (1, 10)
 35 : 19.958526372147556
	0.941 : (0, 11)
	0.059 : (1, 10)
 36 : 20.010979374996822
	0.500 : (0, 10)
	0.500 : (1, 11)
 37 : 20.011342040991074
	0.022 : (0, 13)
	0.978 : (1, 12)
 38 : 20.011342040991103
	0.491 : (0, 12)
	0.018 : (0, 13)
	0.491 : (1, 13)
 39 : 20.011342040991114
	0.960 : (0, 13)
	0.022 : (1, 12)
 40 : 20.05053189402227
	0.500 : (0, 12)
	0.500 : (1, 13)
