scf energy for rhf: -74.94207990358964
 1 : 0.28725544271388026
	0.500 : (8, 10)
	0.500 : (9, 11)
 2 : 0.2872554427138805
	0.628 : (8, 11)
	0.372 : (9, 10)
 3 : 0.2872554427138806
	0.372 : (8, 11)
	0.628 : (9, 10)
 4 : 0.3444249184121629
	0.051 : (4, 12)
	0.051 : (5, 13)
	0.444 : (6, 10)
	0.444 : (7, 11)
 5 : 0.34442491841216333
	0.102 : (5, 12)
	0.888 : (7, 10)
 6 : 0.34442491841216355
	0.102 : (4, 13)
	0.888 : (6, 11)
 7 : 0.3564616977490137
	0.500 : (8, 10)
	0.500 : (9, 11)
 8 : 0.3659889273706076
	0.944 : (8, 13)
	0.056 : (9, 12)
 9 : 0.3659889273706079
	0.056 : (8, 13)
	0.944 : (9, 12)
 10 : 0.3659889273706081
	0.500 : (8, 12)
	0.500 : (9, 13)
 11 : 0.3945137142245314
	0.198 : (4, 10)
	0.198 : (5, 11)
	0.288 : (6, 12)
	0.288 : (7, 13)
 12 : 0.39451371422453163
	0.092 : (4, 11)
	0.303 : (5, 10)
	0.134 : (6, 13)
	0.441 : (7, 12)
 13 : 0.39451371422453296
	0.310 : (4, 11)
	0.096 : (5, 10)
	0.450 : (6, 13)
	0.140 : (7, 12)
 14 : 0.4160716712322347
	0.500 : (8, 12)
	0.500 : (9, 13)
 15 : 0.5056282301688669
	0.059 : (4, 12)
	0.059 : (5, 13)
	0.439 : (6, 10)
	0.439 : (7, 11)
 16 : 0.5142899248913196
	0.150 : (4, 11)
	0.411 : (5, 10)
	0.105 : (6, 13)
	0.290 : (7, 12)
 17 : 0.5142899248913207
	0.105 : (4, 10)
	0.224 : (4, 11)
	0.145 : (5, 10)
	0.105 : (5, 11)
	0.074 : (6, 12)
	0.157 : (6, 13)
	0.102 : (7, 12)
	0.074 : (7, 13)
 18 : 0.5142899248913216
	0.175 : (4, 10)
	0.206 : (4, 11)
	0.023 : (5, 10)
	0.175 : (5, 11)
	0.124 : (6, 12)
	0.145 : (6, 13)
	0.016 : (7, 12)
	0.124 : (7, 13)
 19 : 0.5551918084773992
	0.153 : (4, 10)
	0.153 : (5, 11)
	0.347 : (6, 12)
	0.347 : (7, 13)
 20 : 0.5630556742015739
	0.015 : (3, 10)
	0.876 : (5, 12)
	0.109 : (7, 10)
 21 : 0.563055674201575
	0.015 : (2, 11)
	0.876 : (4, 13)
	0.109 : (6, 11)
 22 : 0.5630556742015768
	0.438 : (4, 12)
	0.438 : (5, 13)
	0.054 : (6, 10)
	0.054 : (7, 11)
 23 : 0.6553183728123363
	0.347 : (4, 10)
	0.347 : (5, 11)
	0.152 : (6, 12)
	0.152 : (7, 13)
 24 : 0.9101216162789985
	0.018 : (2, 10)
	0.018 : (3, 11)
	0.428 : (4, 12)
	0.428 : (5, 13)
	0.054 : (6, 10)
	0.054 : (7, 11)
 25 : 1.1087708839101953
	0.961 : (2, 11)
	0.014 : (3, 10)
	0.022 : (4, 13)
 26 : 1.1087708839101993
	0.488 : (2, 10)
	0.488 : (3, 11)
	0.011 : (4, 12)
	0.011 : (5, 13)
 27 : 1.108770883910202
	0.014 : (2, 11)
	0.961 : (3, 10)
	0.022 : (5, 12)
 28 : 1.2000960369331206
	0.903 : (2, 13)
	0.065 : (3, 12)
	0.014 : (4, 11)
 29 : 1.2000960369331235
	0.483 : (2, 12)
	0.018 : (2, 13)
	0.483 : (3, 13)
 30 : 1.2000960369331248
	0.064 : (2, 13)
	0.919 : (3, 12)
	0.014 : (5, 10)
 31 : 1.3007851102605597
	0.480 : (2, 10)
	0.480 : (3, 11)
	0.012 : (4, 12)
	0.012 : (5, 13)
 32 : 1.32576197580238
	0.499 : (2, 12)
	0.499 : (3, 13)
 33 : 19.958526371412002
	0.500 : (0, 10)
	0.500 : (1, 11)
 34 : 19.95852637141204
	1.000 : (0, 11)
 35 : 19.958526371412077
	1.000 : (1, 10)
 36 : 20.010979374281646
	0.500 : (0, 10)
	0.500 : (1, 11)
 37 : 20.01134204321073
	0.741 : (0, 13)
	0.259 : (1, 12)
 38 : 20.011342043210753
	0.498 : (0, 12)
	0.498 : (1, 13)
 39 : 20.011342043210767
	0.258 : (0, 13)
	0.738 : (1, 12)
 40 : 20.050531895946474
	0.500 : (0, 12)
	0.500 : (1, 13)
