scf energy for cuhf: -74.94207989874985
 1 : 0.28725544195039554
	1.000 : (9, 10)
 2 : 0.28725544195039626
	0.500 : (8, 10)
	0.500 : (9, 11)
 3 : 0.2872554419503971
	1.000 : (8, 11)
 4 : 0.34442492020403315
	0.030 : (4, 12)
	0.072 : (5, 13)
	0.262 : (6, 11)
	0.627 : (7, 10)
 5 : 0.34442492020403526
	0.072 : (4, 12)
	0.030 : (5, 13)
	0.627 : (6, 11)
	0.262 : (7, 10)
 6 : 0.3444249202040354
	0.051 : (4, 13)
	0.051 : (5, 12)
	0.444 : (6, 10)
	0.444 : (7, 11)
 7 : 0.35646169693400975
	0.500 : (8, 10)
	0.500 : (9, 11)
 8 : 0.3659889271781877
	0.500 : (8, 13)
	0.500 : (9, 12)
 9 : 0.36598892717818776
	0.955 : (8, 12)
	0.045 : (9, 13)
 10 : 0.365988927178188
	0.045 : (8, 12)
	0.955 : (9, 13)
 11 : 0.39451371536332275
	0.256 : (4, 11)
	0.136 : (5, 10)
	0.372 : (6, 12)
	0.010 : (6, 13)
	0.010 : (7, 12)
	0.199 : (7, 13)
 12 : 0.3945137153633231
	0.196 : (4, 10)
	0.196 : (5, 11)
	0.284 : (6, 13)
	0.284 : (7, 12)
	0.014 : (7, 13)
 13 : 0.3945137153633243
	0.145 : (4, 11)
	0.260 : (5, 10)
	0.211 : (6, 12)
	0.378 : (7, 13)
 14 : 0.41607167151874946
	0.500 : (8, 13)
	0.500 : (9, 12)
 15 : 0.505628230253168
	0.059 : (4, 13)
	0.059 : (5, 12)
	0.439 : (6, 10)
	0.439 : (7, 11)
 16 : 0.5142899238917072
	0.436 : (4, 11)
	0.141 : (5, 10)
	0.307 : (6, 12)
	0.100 : (7, 13)
 17 : 0.5142899238917088
	0.284 : (4, 10)
	0.284 : (5, 11)
	0.200 : (6, 13)
	0.200 : (7, 12)
 18 : 0.5142899238917105
	0.136 : (4, 11)
	0.433 : (5, 10)
	0.096 : (6, 12)
	0.305 : (7, 13)
 19 : 0.5551918093586121
	0.153 : (4, 10)
	0.153 : (5, 11)
	0.347 : (6, 13)
	0.347 : (7, 12)
 20 : 0.5630556749183754
	0.014 : (3, 10)
	0.088 : (4, 12)
	0.788 : (5, 13)
	0.011 : (6, 11)
	0.098 : (7, 10)
 21 : 0.5630556749183755
	0.438 : (4, 13)
	0.438 : (5, 12)
	0.054 : (6, 10)
	0.054 : (7, 11)
 22 : 0.5630556749183768
	0.014 : (2, 11)
	0.788 : (4, 12)
	0.088 : (5, 13)
	0.098 : (6, 11)
	0.011 : (7, 10)
 23 : 0.6553183725271199
	0.347 : (4, 10)
	0.347 : (5, 11)
	0.152 : (6, 13)
	0.152 : (7, 12)
 24 : 0.9101216154953806
	0.018 : (2, 10)
	0.018 : (3, 11)
	0.428 : (4, 13)
	0.428 : (5, 12)
	0.054 : (6, 10)
	0.054 : (7, 11)
 25 : 1.1087708830463707
	0.488 : (2, 10)
	0.488 : (3, 11)
	0.011 : (4, 13)
	0.011 : (5, 12)
 26 : 1.108770883046373
	0.884 : (2, 11)
	0.091 : (3, 10)
	0.020 : (4, 12)
 27 : 1.1087708830463776
	0.091 : (2, 11)
	0.884 : (3, 10)
	0.020 : (5, 13)
 28 : 1.2000960373158664
	0.262 : (2, 12)
	0.361 : (2, 13)
	0.361 : (3, 12)
 29 : 1.2000960373158678
	0.711 : (2, 12)
	0.130 : (2, 13)
	0.130 : (3, 12)
	0.014 : (3, 13)
	0.011 : (4, 11)
 30 : 1.200096037315869
	0.011 : (2, 12)
	0.970 : (3, 13)
	0.015 : (5, 10)
 31 : 1.3007851088381874
	0.480 : (2, 10)
	0.480 : (3, 11)
	0.012 : (4, 13)
	0.012 : (5, 12)
 32 : 1.3257619770674556
	0.499 : (2, 13)
	0.499 : (3, 12)
 33 : 19.95852637213721
	0.014 : (0, 10)
	0.971 : (0, 11)
	0.014 : (1, 11)
 34 : 19.958526372137232
	0.486 : (0, 10)
	0.029 : (0, 11)
	0.486 : (1, 11)
 35 : 19.958526372137275
	1.000 : (1, 10)
 36 : 20.010979374986825
	0.500 : (0, 10)
	0.500 : (1, 11)
 37 : 20.011342041022072
	0.999 : (0, 12)
 38 : 20.011342041022083
	0.180 : (0, 13)
	0.180 : (1, 12)
	0.640 : (1, 13)
 39 : 20.011342041022115
	0.319 : (0, 13)
	0.319 : (1, 12)
	0.360 : (1, 13)
 40 : 20.05053189404908
	0.500 : (0, 13)
	0.500 : (1, 12)
