scf energy for uhf: -74.9420798986809
 1 : 0.28725532484112687
	1.000 : (8, 11)
 2 : 0.2872554419391421
	0.500 : (8, 10)
	0.500 : (9, 11)
 3 : 0.2872555590382033
	1.000 : (9, 10)
 4 : 0.34442491580081186
	0.102 : (5, 12)
	0.888 : (7, 10)
 5 : 0.34442492022981896
	0.051 : (4, 12)
	0.051 : (5, 13)
	0.444 : (6, 10)
	0.444 : (7, 11)
 6 : 0.34442492465825064
	0.102 : (4, 13)
	0.888 : (6, 11)
 7 : 0.35646169692305707
	0.500 : (8, 10)
	0.500 : (9, 11)
 8 : 0.36598882516327647
	1.000 : (8, 13)
 9 : 0.36598892717494375
	0.500 : (8, 12)
	0.500 : (9, 13)
 10 : 0.3659890291878988
	1.000 : (9, 12)
 11 : 0.394513653409857
	0.406 : (5, 10)
	0.591 : (7, 12)
 12 : 0.3945137153798209
	0.203 : (4, 10)
	0.203 : (5, 11)
	0.296 : (6, 12)
	0.296 : (7, 13)
 13 : 0.39451377734925613
	0.406 : (4, 11)
	0.591 : (6, 13)
 14 : 0.416071671523602
	0.500 : (8, 12)
	0.500 : (9, 13)
 15 : 0.5056282302546252
	0.059 : (4, 12)
	0.059 : (5, 13)
	0.439 : (6, 10)
	0.439 : (7, 11)
 16 : 0.5142898138568825
	0.013 : (2, 13)
	0.579 : (4, 11)
	0.408 : (6, 13)
 17 : 0.5142899238775717
	0.289 : (4, 10)
	0.289 : (5, 11)
	0.204 : (6, 12)
	0.204 : (7, 13)
 18 : 0.5142900338983911
	0.013 : (3, 12)
	0.579 : (5, 10)
	0.408 : (7, 12)
 19 : 0.5551918093715871
	0.153 : (4, 10)
	0.153 : (5, 11)
	0.347 : (6, 12)
	0.347 : (7, 13)
 20 : 0.5630555334007561
	0.015 : (2, 11)
	0.876 : (4, 13)
	0.109 : (6, 11)
 21 : 0.5630556749288452
	0.438 : (4, 12)
	0.438 : (5, 13)
	0.054 : (6, 10)
	0.054 : (7, 11)
 22 : 0.5630558164565863
	0.015 : (3, 10)
	0.876 : (5, 12)
	0.109 : (7, 10)
 23 : 0.6553183725231889
	0.347 : (4, 10)
	0.347 : (5, 11)
	0.152 : (6, 12)
	0.152 : (7, 13)
 24 : 0.9101216154842013
	0.018 : (2, 10)
	0.018 : (3, 11)
	0.428 : (4, 12)
	0.428 : (5, 13)
	0.054 : (6, 10)
	0.054 : (7, 11)
 25 : 1.1087708437442618
	0.975 : (2, 11)
	0.022 : (4, 13)
 26 : 1.1087708830340925
	0.488 : (2, 10)
	0.488 : (3, 11)
	0.011 : (4, 12)
	0.011 : (5, 13)
 27 : 1.1087709223241038
	0.975 : (3, 10)
	0.022 : (5, 12)
 28 : 1.200096026736663
	0.984 : (2, 13)
	0.015 : (4, 11)
 29 : 1.2000960373211593
	0.492 : (2, 12)
	0.492 : (3, 13)
 30 : 1.2000960479061618
	0.984 : (3, 12)
	0.015 : (5, 10)
 31 : 1.300785108818163
	0.480 : (2, 10)
	0.480 : (3, 11)
	0.012 : (4, 12)
	0.012 : (5, 13)
 32 : 1.3257619770858802
	0.499 : (2, 12)
	0.499 : (3, 13)
 33 : 19.958526067058457
	1.000 : (0, 11)
 34 : 19.95852637214533
	0.500 : (0, 10)
	0.500 : (1, 11)
 35 : 19.958526677236957
	1.000 : (1, 10)
 36 : 20.01097937499928
	0.500 : (0, 10)
	0.500 : (1, 11)
 37 : 20.011341781418803
	1.000 : (0, 13)
 38 : 20.0113420409887
	0.500 : (0, 12)
	0.500 : (1, 13)
 39 : 20.011342300563328
	1.000 : (1, 12)
 40 : 20.050531894024637
	0.500 : (0, 12)
	0.500 : (1, 13)
