scf energy for rhf: -74.94207990104942
 1 : 0.2872554423131604
	0.500 : (8, 10)
	0.500 : (9, 11)
 2 : 0.2872554423131606
	0.992 : (8, 11)
 3 : 0.2872554423131607
	0.992 : (9, 10)
 4 : 0.3444249193526647
	0.051 : (4, 12)
	0.051 : (5, 13)
	0.444 : (6, 10)
	0.444 : (7, 11)
 5 : 0.3444249193526652
	0.094 : (5, 12)
	0.068 : (6, 11)
	0.821 : (7, 10)
 6 : 0.3444249193526673
	0.094 : (4, 13)
	0.821 : (6, 11)
	0.068 : (7, 10)
 7 : 0.35646169732125055
	0.500 : (8, 10)
	0.500 : (9, 11)
 8 : 0.36598892726962284
	0.956 : (8, 13)
	0.044 : (9, 12)
 9 : 0.36598892726962284
	0.044 : (8, 13)
	0.956 : (9, 12)
 10 : 0.3659889272696232
	0.500 : (8, 12)
	0.500 : (9, 13)
 11 : 0.39451371482224784
	0.404 : (4, 11)
	0.587 : (6, 13)
 12 : 0.3945137148222484
	0.406 : (5, 10)
	0.591 : (7, 12)
 13 : 0.3945137148222493
	0.202 : (4, 10)
	0.202 : (5, 11)
	0.293 : (6, 12)
	0.293 : (7, 13)
 14 : 0.416071671382625
	0.500 : (8, 12)
	0.500 : (9, 13)
 15 : 0.5056282302131189
	0.059 : (4, 12)
	0.059 : (5, 13)
	0.439 : (6, 10)
	0.439 : (7, 11)
 16 : 0.5142899243666538
	0.010 : (2, 13)
	0.053 : (4, 10)
	0.449 : (4, 11)
	0.024 : (5, 10)
	0.053 : (5, 11)
	0.037 : (6, 12)
	0.316 : (6, 13)
	0.017 : (7, 12)
	0.037 : (7, 13)
 17 : 0.5142899243666547
	0.200 : (4, 10)
	0.129 : (4, 11)
	0.051 : (5, 10)
	0.200 : (5, 11)
	0.141 : (6, 12)
	0.091 : (6, 13)
	0.036 : (7, 12)
	0.141 : (7, 13)
 18 : 0.5142899243666551
	0.012 : (3, 12)
	0.037 : (4, 10)
	0.503 : (5, 10)
	0.037 : (5, 11)
	0.026 : (6, 12)
	0.355 : (7, 12)
	0.026 : (7, 13)
 19 : 0.5551918089399245
	0.153 : (4, 10)
	0.153 : (5, 11)
	0.347 : (6, 12)
	0.347 : (7, 13)
 20 : 0.5630556745778029
	0.438 : (4, 12)
	0.438 : (5, 13)
	0.054 : (6, 10)
	0.054 : (7, 11)
 21 : 0.563055674577804
	0.015 : (3, 10)
	0.875 : (5, 12)
	0.109 : (7, 10)
 22 : 0.5630556745778057
	0.015 : (2, 11)
	0.875 : (4, 13)
	0.109 : (6, 11)
 23 : 0.6553183726626377
	0.347 : (4, 10)
	0.347 : (5, 11)
	0.152 : (6, 12)
	0.152 : (7, 13)
 24 : 0.9101216158677012
	0.018 : (2, 10)
	0.018 : (3, 11)
	0.428 : (4, 12)
	0.428 : (5, 13)
	0.054 : (6, 10)
	0.054 : (7, 11)
 25 : 1.1087708834568057
	0.488 : (2, 10)
	0.488 : (3, 11)
	0.011 : (4, 12)
	0.011 : (5, 13)
 26 : 1.1087708834568073
	0.973 : (2, 11)
	0.022 : (4, 13)
 27 : 1.10877088345681
	0.973 : (3, 10)
	0.022 : (5, 12)
 28 : 1.2000960371340155
	0.143 : (2, 12)
	0.673 : (2, 13)
	0.025 : (3, 12)
	0.143 : (3, 13)
	0.010 : (4, 11)
 29 : 1.2000960371340161
	0.347 : (2, 12)
	0.260 : (2, 13)
	0.030 : (3, 12)
	0.347 : (3, 13)
 30 : 1.2000960371340186
	0.051 : (2, 13)
	0.929 : (3, 12)
	0.014 : (5, 10)
 31 : 1.3007851095140017
	0.480 : (2, 10)
	0.480 : (3, 11)
	0.012 : (4, 12)
	0.012 : (5, 13)
 32 : 1.325761976466381
	0.499 : (2, 12)
	0.499 : (3, 13)
 33 : 19.958526371792658
	0.010 : (0, 10)
	0.103 : (0, 11)
	0.877 : (1, 10)
	0.010 : (1, 11)
 34 : 19.95852637179266
	0.179 : (0, 10)
	0.526 : (0, 11)
	0.115 : (1, 10)
	0.179 : (1, 11)
 35 : 19.95852637179267
	0.310 : (0, 10)
	0.372 : (0, 11)
	0.310 : (1, 11)
 36 : 20.010979374651786
	0.500 : (0, 10)
	0.500 : (1, 11)
 37 : 20.011342042062005
	0.848 : (0, 13)
	0.152 : (1, 12)
 38 : 20.01134204206202
	0.496 : (0, 12)
	0.496 : (1, 13)
 39 : 20.011342042062058
	0.151 : (0, 13)
	0.842 : (1, 12)
 40 : 20.050531894950645
	0.500 : (0, 12)
	0.500 : (1, 13)
