scf energy for <class 'compChem.Hartree_Fock_modes.cuhf.CUHFMolecule'>: -74.94207989868175
 1 : 0.2872554419396624
	0.500 : (8, 10)
	0.500 : (9, 11)
 2 : 0.2872554419396632
	1.000 : (8, 11)
 3 : 0.2872554419396633
	1.000 : (9, 10)
 4 : 0.34442492022925053
	0.051 : (4, 12)
	0.051 : (5, 13)
	0.444 : (6, 10)
	0.444 : (7, 11)
 5 : 0.34442492022925064
	0.102 : (5, 12)
	0.888 : (7, 10)
 6 : 0.3444249202292519
	0.102 : (4, 13)
	0.888 : (6, 11)
 7 : 0.35646169692254503
	0.500 : (8, 10)
	0.500 : (9, 11)
 8 : 0.3659889271754961
	0.219 : (8, 13)
	0.781 : (9, 12)
 9 : 0.3659889271754961
	0.500 : (8, 12)
	0.500 : (9, 13)
 10 : 0.3659889271754962
	0.781 : (8, 13)
	0.219 : (9, 12)
 11 : 0.39451371537934266
	0.032 : (4, 10)
	0.341 : (4, 11)
	0.032 : (5, 11)
	0.047 : (6, 12)
	0.497 : (6, 13)
	0.047 : (7, 13)
 12 : 0.39451371537934365
	0.140 : (4, 10)
	0.051 : (4, 11)
	0.076 : (5, 10)
	0.140 : (5, 11)
	0.203 : (6, 12)
	0.074 : (6, 13)
	0.111 : (7, 12)
	0.203 : (7, 13)
 13 : 0.3945137153793442
	0.031 : (4, 10)
	0.014 : (4, 11)
	0.330 : (5, 10)
	0.031 : (5, 11)
	0.045 : (6, 12)
	0.021 : (6, 13)
	0.480 : (7, 12)
	0.045 : (7, 13)
 14 : 0.41607167152278984
	0.500 : (8, 12)
	0.500 : (9, 13)
 15 : 0.5056282302543548
	0.059 : (4, 12)
	0.059 : (5, 13)
	0.439 : (6, 10)
	0.439 : (7, 11)
 16 : 0.5142899238776377
	0.012 : (2, 13)
	0.525 : (4, 11)
	0.054 : (5, 10)
	0.370 : (6, 13)
	0.038 : (7, 12)
 17 : 0.5142899238776394
	0.012 : (3, 12)
	0.053 : (4, 11)
	0.525 : (5, 10)
	0.038 : (6, 13)
	0.370 : (7, 12)
 18 : 0.514289923877641
	0.289 : (4, 10)
	0.289 : (5, 11)
	0.204 : (6, 12)
	0.204 : (7, 13)
 19 : 0.5551918093710162
	0.153 : (4, 10)
	0.153 : (5, 11)
	0.347 : (6, 12)
	0.347 : (7, 13)
 20 : 0.5630556749284639
	0.438 : (4, 12)
	0.438 : (5, 13)
	0.054 : (6, 10)
	0.054 : (7, 11)
 21 : 0.5630556749284663
	0.015 : (3, 10)
	0.022 : (4, 13)
	0.854 : (5, 12)
	0.106 : (7, 10)
 22 : 0.5630556749284676
	0.015 : (2, 11)
	0.854 : (4, 13)
	0.022 : (5, 12)
	0.106 : (6, 11)
 23 : 0.6553183725231051
	0.347 : (4, 10)
	0.347 : (5, 11)
	0.152 : (6, 12)
	0.152 : (7, 13)
 24 : 0.9101216154843539
	0.018 : (2, 10)
	0.018 : (3, 11)
	0.428 : (4, 12)
	0.428 : (5, 13)
	0.054 : (6, 10)
	0.054 : (7, 11)
 25 : 1.10877088303422
	0.488 : (2, 10)
	0.488 : (3, 11)
	0.011 : (4, 12)
	0.011 : (5, 13)
 26 : 1.1087708830342204
	0.974 : (3, 10)
	0.022 : (5, 12)
 27 : 1.108770883034222
	0.974 : (2, 11)
	0.022 : (4, 13)
 28 : 1.200096037321258
	0.480 : (2, 12)
	0.014 : (3, 12)
	0.480 : (3, 13)
 29 : 1.2000960373212606
	0.019 : (2, 13)
	0.948 : (3, 12)
	0.014 : (5, 10)
 30 : 1.2000960373212632
	0.956 : (2, 13)
	0.022 : (3, 12)
	0.014 : (4, 11)
 31 : 1.3007851088181697
	0.480 : (2, 10)
	0.480 : (3, 11)
	0.012 : (4, 12)
	0.012 : (5, 13)
 32 : 1.325761977085269
	0.499 : (2, 12)
	0.499 : (3, 13)
 33 : 19.95852637214744
	0.016 : (0, 10)
	0.968 : (0, 11)
	0.016 : (1, 11)
 34 : 19.958526372147453
	0.484 : (0, 10)
	0.032 : (0, 11)
	0.484 : (1, 11)
 35 : 19.958526372147485
	1.000 : (1, 10)
 36 : 20.010979374996765
	0.500 : (0, 10)
	0.500 : (1, 11)
 37 : 20.011342040991266
	0.022 : (0, 13)
	0.978 : (1, 12)
 38 : 20.011342040991316
	0.499 : (0, 12)
	0.499 : (1, 13)
 39 : 20.011342040991348
	0.975 : (0, 13)
	0.022 : (1, 12)
 40 : 20.050531894022463
	0.500 : (0, 12)
	0.500 : (1, 13)
