scf energy for <class 'compChem.Hartree_Fock_modes.rhf.RHFMolecule'>: -74.9420798986811
 1 : 0.28725544193955876
	0.091 : (8, 11)
	0.909 : (9, 10)
 2 : 0.2872554419395588
	0.909 : (8, 11)
	0.091 : (9, 10)
 3 : 0.2872554419395588
	0.500 : (8, 10)
	0.500 : (9, 11)
 4 : 0.34442492022950644
	0.088 : (4, 13)
	0.014 : (5, 12)
	0.767 : (6, 11)
	0.121 : (7, 10)
 5 : 0.3444249202295079
	0.051 : (4, 12)
	0.051 : (5, 13)
	0.444 : (6, 10)
	0.444 : (7, 11)
 6 : 0.3444249202295088
	0.014 : (4, 13)
	0.088 : (5, 12)
	0.121 : (6, 11)
	0.767 : (7, 10)
 7 : 0.35646169692243385
	0.500 : (8, 10)
	0.500 : (9, 11)
 8 : 0.3659889271754682
	0.942 : (8, 13)
	0.058 : (9, 12)
 9 : 0.3659889271754683
	0.058 : (8, 13)
	0.942 : (9, 12)
 10 : 0.3659889271754685
	0.500 : (8, 12)
	0.500 : (9, 13)
 11 : 0.39451371537950647
	0.395 : (4, 11)
	0.574 : (6, 13)
 12 : 0.3945137153795065
	0.197 : (4, 10)
	0.011 : (4, 11)
	0.197 : (5, 11)
	0.287 : (6, 12)
	0.017 : (6, 13)
	0.287 : (7, 13)
 13 : 0.39451371537950763
	0.406 : (5, 10)
	0.591 : (7, 12)
 14 : 0.4160716715228283
	0.500 : (8, 12)
	0.500 : (9, 13)
 15 : 0.5056282302543731
	0.059 : (4, 12)
	0.059 : (5, 13)
	0.439 : (6, 10)
	0.439 : (7, 11)
 16 : 0.5142899238774967
	0.236 : (4, 10)
	0.087 : (4, 11)
	0.020 : (5, 10)
	0.236 : (5, 11)
	0.166 : (6, 12)
	0.061 : (6, 13)
	0.014 : (7, 12)
	0.166 : (7, 13)
 17 : 0.5142899238774981
	0.011 : (2, 13)
	0.043 : (4, 10)
	0.491 : (4, 11)
	0.043 : (5, 11)
	0.031 : (6, 12)
	0.346 : (6, 13)
	0.031 : (7, 13)
 18 : 0.5142899238774995
	0.013 : (3, 12)
	0.558 : (5, 10)
	0.393 : (7, 12)
 19 : 0.5551918093711415
	0.153 : (4, 10)
	0.153 : (5, 11)
	0.347 : (6, 12)
	0.347 : (7, 13)
 20 : 0.5630556749285657
	0.015 : (2, 11)
	0.875 : (4, 13)
	0.109 : (6, 11)
 21 : 0.5630556749285688
	0.015 : (3, 10)
	0.875 : (5, 12)
	0.109 : (7, 10)
 22 : 0.5630556749285707
	0.438 : (4, 12)
	0.438 : (5, 13)
	0.054 : (6, 10)
	0.054 : (7, 11)
 23 : 0.6553183725230667
	0.347 : (4, 10)
	0.347 : (5, 11)
	0.152 : (6, 12)
	0.152 : (7, 13)
 24 : 0.91012161548424
	0.018 : (2, 10)
	0.018 : (3, 11)
	0.428 : (4, 12)
	0.428 : (5, 13)
	0.054 : (6, 10)
	0.054 : (7, 11)
 25 : 1.1087708830340954
	0.181 : (2, 11)
	0.794 : (3, 10)
	0.018 : (5, 12)
 26 : 1.108770883034098
	0.794 : (2, 11)
	0.181 : (3, 10)
	0.018 : (4, 13)
 27 : 1.108770883034099
	0.488 : (2, 10)
	0.488 : (3, 11)
	0.011 : (4, 12)
	0.011 : (5, 13)
 28 : 1.2000960373213065
	0.100 : (2, 13)
	0.883 : (3, 12)
	0.013 : (5, 10)
 29 : 1.2000960373213083
	0.867 : (2, 13)
	0.101 : (3, 12)
	0.013 : (4, 11)
 30 : 1.2000960373213103
	0.483 : (2, 12)
	0.017 : (2, 13)
	0.483 : (3, 13)
 31 : 1.300785108817969
	0.480 : (2, 10)
	0.480 : (3, 11)
	0.012 : (4, 12)
	0.012 : (5, 13)
 32 : 1.3257619770854432
	0.499 : (2, 12)
	0.499 : (3, 13)
 33 : 19.958526372147553
	0.018 : (0, 11)
	0.977 : (1, 10)
 34 : 19.958526372147556
	0.369 : (0, 10)
	0.246 : (0, 11)
	0.017 : (1, 10)
	0.369 : (1, 11)
 35 : 19.95852637214756
	0.129 : (0, 10)
	0.737 : (0, 11)
	0.129 : (1, 11)
 36 : 20.010979374996868
	0.500 : (0, 10)
	0.500 : (1, 11)
 37 : 20.011342040990964
	0.403 : (0, 13)
	0.597 : (1, 12)
 38 : 20.01134204099101
	0.474 : (0, 12)
	0.030 : (0, 13)
	0.023 : (1, 12)
	0.474 : (1, 13)
 39 : 20.011342040991014
	0.026 : (0, 12)
	0.567 : (0, 13)
	0.380 : (1, 12)
	0.026 : (1, 13)
 40 : 20.050531894022203
	0.500 : (0, 12)
	0.500 : (1, 13)
