scf energy for <class 'compChem.Hartree_Fock_modes.rhf.RHFMolecule'>: -74.94207989868175
 1 : 0.28725544193965136
	1.000 : (8, 11)
 2 : 0.28725544193965175
	1.000 : (9, 10)
 3 : 0.28725544193965336
	0.500 : (8, 10)
	0.500 : (9, 11)
 4 : 0.34442492022928506
	0.102 : (4, 13)
	0.888 : (6, 11)
 5 : 0.3444249202292853
	0.102 : (5, 12)
	0.888 : (7, 10)
 6 : 0.34442492022928634
	0.051 : (4, 12)
	0.051 : (5, 13)
	0.444 : (6, 10)
	0.444 : (7, 11)
 7 : 0.35646169692253493
	0.500 : (8, 10)
	0.500 : (9, 11)
 8 : 0.3659889271754923
	0.500 : (8, 12)
	0.500 : (9, 13)
 9 : 0.36598892717549236
	0.013 : (8, 13)
	0.987 : (9, 12)
 10 : 0.3659889271754925
	0.987 : (8, 13)
	0.013 : (9, 12)
 11 : 0.39451371537936525
	0.399 : (4, 11)
	0.581 : (6, 13)
 12 : 0.3945137153793662
	0.203 : (4, 10)
	0.203 : (5, 11)
	0.295 : (6, 12)
	0.295 : (7, 13)
 13 : 0.3945137153793666
	0.400 : (5, 10)
	0.581 : (7, 12)
 14 : 0.4160716715227968
	0.500 : (8, 12)
	0.500 : (9, 13)
 15 : 0.5056282302543602
	0.059 : (4, 12)
	0.059 : (5, 13)
	0.439 : (6, 10)
	0.439 : (7, 11)
 16 : 0.5142899238776225
	0.079 : (4, 10)
	0.411 : (4, 11)
	0.010 : (5, 10)
	0.079 : (5, 11)
	0.056 : (6, 12)
	0.289 : (6, 13)
	0.056 : (7, 13)
 17 : 0.5142899238776241
	0.210 : (4, 10)
	0.159 : (4, 11)
	0.210 : (5, 11)
	0.148 : (6, 12)
	0.112 : (6, 13)
	0.148 : (7, 13)
 18 : 0.5142899238776252
	0.013 : (3, 12)
	0.568 : (5, 10)
	0.400 : (7, 12)
 19 : 0.5551918093710325
	0.153 : (4, 10)
	0.153 : (5, 11)
	0.347 : (6, 12)
	0.347 : (7, 13)
 20 : 0.5630556749284739
	0.438 : (4, 12)
	0.438 : (5, 13)
	0.054 : (6, 10)
	0.054 : (7, 11)
 21 : 0.5630556749284795
	0.518 : (4, 13)
	0.358 : (5, 12)
	0.064 : (6, 11)
	0.044 : (7, 10)
 22 : 0.5630556749284803
	0.358 : (4, 13)
	0.518 : (5, 12)
	0.044 : (6, 11)
	0.064 : (7, 10)
 23 : 0.6553183725231027
	0.347 : (4, 10)
	0.347 : (5, 11)
	0.152 : (6, 12)
	0.152 : (7, 13)
 24 : 0.9101216154843399
	0.018 : (2, 10)
	0.018 : (3, 11)
	0.428 : (4, 12)
	0.428 : (5, 13)
	0.054 : (6, 10)
	0.054 : (7, 11)
 25 : 1.108770883034204
	0.942 : (2, 11)
	0.034 : (3, 10)
	0.021 : (4, 13)
 26 : 1.1087708830342076
	0.034 : (2, 11)
	0.942 : (3, 10)
	0.021 : (5, 12)
 27 : 1.1087708830342093
	0.488 : (2, 10)
	0.488 : (3, 11)
	0.011 : (4, 12)
	0.011 : (5, 13)
 28 : 1.2000960373212641
	0.778 : (2, 13)
	0.189 : (3, 12)
	0.012 : (4, 11)
 29 : 1.2000960373212655
	0.186 : (2, 13)
	0.795 : (3, 12)
	0.012 : (5, 10)
 30 : 1.200096037321268
	0.482 : (2, 12)
	0.019 : (2, 13)
	0.482 : (3, 13)
 31 : 1.3007851088181488
	0.480 : (2, 10)
	0.480 : (3, 11)
	0.012 : (4, 12)
	0.012 : (5, 13)
 32 : 1.325761977085289
	0.499 : (2, 12)
	0.499 : (3, 13)
 33 : 19.95852637214746
	0.060 : (0, 10)
	0.625 : (0, 11)
	0.255 : (1, 10)
	0.060 : (1, 11)
 34 : 19.95852637214746
	0.032 : (0, 10)
	0.193 : (0, 11)
	0.742 : (1, 10)
	0.032 : (1, 11)
 35 : 19.958526372147467
	0.408 : (0, 10)
	0.182 : (0, 11)
	0.408 : (1, 11)
 36 : 20.010979374996776
	0.500 : (0, 10)
	0.500 : (1, 11)
 37 : 20.011342040991277
	0.433 : (0, 12)
	0.133 : (0, 13)
	0.433 : (1, 13)
 38 : 20.011342040991277
	0.996 : (1, 12)
 39 : 20.011342040991337
	0.067 : (0, 12)
	0.863 : (0, 13)
	0.067 : (1, 13)
 40 : 20.050531894022445
	0.500 : (0, 12)
	0.500 : (1, 13)
