scf energy for <class 'compChem.Hartree_Fock_modes.uhf.UHFMolecule'>: -74.94207989868173
 1 : 0.28725544193965147
	0.500 : (8, 10)
	0.500 : (9, 11)
 2 : 0.2872554419396516
	0.991 : (9, 10)
 3 : 0.2872554419396518
	0.991 : (8, 11)
 4 : 0.344424920229285
	0.093 : (4, 13)
	0.809 : (6, 11)
	0.079 : (7, 10)
 5 : 0.3444249202292851
	0.051 : (4, 12)
	0.051 : (5, 13)
	0.444 : (6, 10)
	0.444 : (7, 11)
 6 : 0.3444249202292853
	0.093 : (5, 12)
	0.079 : (6, 11)
	0.809 : (7, 10)
 7 : 0.35646169692253304
	0.500 : (8, 10)
	0.500 : (9, 11)
 8 : 0.3659889271754904
	0.500 : (8, 12)
	0.500 : (9, 13)
 9 : 0.3659889271754904
	0.999 : (9, 12)
 10 : 0.36598892717549053
	0.999 : (8, 13)
 11 : 0.394513715379364
	0.200 : (4, 10)
	0.200 : (5, 11)
	0.291 : (6, 12)
	0.291 : (7, 13)
 12 : 0.39451371537936547
	0.401 : (4, 11)
	0.583 : (6, 13)
 13 : 0.3945137153793657
	0.406 : (5, 10)
	0.591 : (7, 12)
 14 : 0.4160716715227947
	0.500 : (8, 12)
	0.500 : (9, 13)
 15 : 0.5056282302543609
	0.059 : (4, 12)
	0.059 : (5, 13)
	0.439 : (6, 10)
	0.439 : (7, 11)
 16 : 0.5142899238776217
	0.217 : (4, 10)
	0.027 : (4, 11)
	0.117 : (5, 10)
	0.217 : (5, 11)
	0.153 : (6, 12)
	0.019 : (6, 13)
	0.083 : (7, 12)
	0.153 : (7, 13)
 17 : 0.5142899238776241
	0.012 : (2, 13)
	0.018 : (4, 10)
	0.544 : (4, 11)
	0.018 : (5, 11)
	0.012 : (6, 12)
	0.383 : (6, 13)
	0.012 : (7, 13)
 18 : 0.5142899238776247
	0.011 : (3, 12)
	0.054 : (4, 10)
	0.462 : (5, 10)
	0.054 : (5, 11)
	0.038 : (6, 12)
	0.325 : (7, 12)
	0.038 : (7, 13)
 19 : 0.5551918093710317
	0.153 : (4, 10)
	0.153 : (5, 11)
	0.347 : (6, 12)
	0.347 : (7, 13)
 20 : 0.5630556749284772
	0.438 : (4, 12)
	0.438 : (5, 13)
	0.054 : (6, 10)
	0.054 : (7, 11)
 21 : 0.5630556749284772
	0.015 : (2, 11)
	0.871 : (4, 13)
	0.108 : (6, 11)
 22 : 0.5630556749284792
	0.015 : (3, 10)
	0.872 : (5, 12)
	0.108 : (7, 10)
 23 : 0.6553183725231024
	0.347 : (4, 10)
	0.347 : (5, 11)
	0.152 : (6, 12)
	0.152 : (7, 13)
 24 : 0.9101216154843381
	0.018 : (2, 10)
	0.018 : (3, 11)
	0.428 : (4, 12)
	0.428 : (5, 13)
	0.054 : (6, 10)
	0.054 : (7, 11)
 25 : 1.1087708830342073
	0.960 : (2, 11)
	0.016 : (3, 10)
	0.022 : (4, 13)
 26 : 1.1087708830342078
	0.016 : (2, 11)
	0.960 : (3, 10)
	0.022 : (5, 12)
 27 : 1.1087708830342091
	0.488 : (2, 10)
	0.488 : (3, 11)
	0.011 : (4, 12)
	0.011 : (5, 13)
 28 : 1.200096037321263
	0.011 : (2, 12)
	0.891 : (2, 13)
	0.072 : (3, 12)
	0.011 : (3, 13)
	0.013 : (4, 11)
 29 : 1.2000960373212637
	0.436 : (2, 12)
	0.047 : (2, 13)
	0.066 : (3, 12)
	0.436 : (3, 13)
 30 : 1.2000960373212648
	0.046 : (2, 12)
	0.046 : (2, 13)
	0.846 : (3, 12)
	0.046 : (3, 13)
	0.013 : (5, 10)
 31 : 1.3007851088181477
	0.480 : (2, 10)
	0.480 : (3, 11)
	0.012 : (4, 12)
	0.012 : (5, 13)
 32 : 1.3257619770852849
	0.499 : (2, 12)
	0.499 : (3, 13)
 33 : 19.958526372147475
	0.500 : (0, 10)
	0.500 : (1, 11)
 34 : 19.95852637214753
	1.000 : (0, 11)
 35 : 19.958526372147553
	1.000 : (1, 10)
 36 : 20.010979374996786
	0.500 : (0, 10)
	0.500 : (1, 11)
 37 : 20.011342040991256
	0.295 : (0, 13)
	0.705 : (1, 12)
 38 : 20.011342040991263
	0.130 : (0, 12)
	0.522 : (0, 13)
	0.218 : (1, 12)
	0.130 : (1, 13)
 39 : 20.011342040991277
	0.370 : (0, 12)
	0.183 : (0, 13)
	0.077 : (1, 12)
	0.370 : (1, 13)
 40 : 20.05053189402244
	0.500 : (0, 12)
	0.500 : (1, 13)
