scf energy for <class 'compChem.Hartree_Fock_modes.uhf.UHFMolecule'>: -74.94207989868113
 1 : 0.287255441939556
	0.999 : (8, 11)
 2 : 0.2872554419395562
	0.999 : (9, 10)
 3 : 0.287255441939558
	0.500 : (8, 10)
	0.500 : (9, 11)
 4 : 0.34442492022950816
	0.096 : (4, 13)
	0.839 : (6, 11)
	0.049 : (7, 10)
 5 : 0.3444249202295083
	0.051 : (4, 12)
	0.051 : (5, 13)
	0.444 : (6, 10)
	0.444 : (7, 11)
 6 : 0.34442492022950844
	0.096 : (5, 12)
	0.049 : (6, 11)
	0.839 : (7, 10)
 7 : 0.35646169692242635
	0.500 : (8, 10)
	0.500 : (9, 11)
 8 : 0.3659889271754699
	0.999 : (9, 12)
 9 : 0.36598892717547
	0.500 : (8, 12)
	0.500 : (9, 13)
 10 : 0.36598892717547016
	0.999 : (8, 13)
 11 : 0.39451371537950763
	0.182 : (4, 11)
	0.225 : (5, 10)
	0.264 : (6, 13)
	0.327 : (7, 12)
 12 : 0.39451371537950775
	0.203 : (4, 10)
	0.203 : (5, 11)
	0.295 : (6, 12)
	0.295 : (7, 13)
 13 : 0.39451371537950813
	0.225 : (4, 11)
	0.182 : (5, 10)
	0.327 : (6, 13)
	0.264 : (7, 12)
 14 : 0.4160716715228324
	0.500 : (8, 12)
	0.500 : (9, 13)
 15 : 0.5056282302543724
	0.059 : (4, 12)
	0.059 : (5, 13)
	0.439 : (6, 10)
	0.439 : (7, 11)
 16 : 0.5142899238774986
	0.217 : (4, 10)
	0.123 : (4, 11)
	0.023 : (5, 10)
	0.217 : (5, 11)
	0.153 : (6, 12)
	0.087 : (6, 13)
	0.016 : (7, 12)
	0.153 : (7, 13)
 17 : 0.5142899238774991
	0.072 : (4, 10)
	0.319 : (4, 11)
	0.117 : (5, 10)
	0.072 : (5, 11)
	0.051 : (6, 12)
	0.224 : (6, 13)
	0.082 : (7, 12)
	0.051 : (7, 13)
 18 : 0.5142899238774999
	0.010 : (3, 12)
	0.137 : (4, 11)
	0.440 : (5, 10)
	0.097 : (6, 13)
	0.310 : (7, 12)
 19 : 0.5551918093711447
	0.153 : (4, 10)
	0.153 : (5, 11)
	0.347 : (6, 12)
	0.347 : (7, 13)
 20 : 0.5630556749285653
	0.438 : (4, 12)
	0.438 : (5, 13)
	0.054 : (6, 10)
	0.054 : (7, 11)
 21 : 0.5630556749285691
	0.015 : (2, 11)
	0.866 : (4, 13)
	0.108 : (6, 11)
 22 : 0.5630556749285701
	0.015 : (3, 10)
	0.866 : (5, 12)
	0.108 : (7, 10)
 23 : 0.6553183725230709
	0.347 : (4, 10)
	0.347 : (5, 11)
	0.152 : (6, 12)
	0.152 : (7, 13)
 24 : 0.9101216154842411
	0.018 : (2, 10)
	0.018 : (3, 11)
	0.428 : (4, 12)
	0.428 : (5, 13)
	0.054 : (6, 10)
	0.054 : (7, 11)
 25 : 1.1087708830340965
	0.275 : (2, 11)
	0.701 : (3, 10)
	0.016 : (5, 12)
 26 : 1.1087708830340994
	0.488 : (2, 10)
	0.488 : (3, 11)
	0.011 : (4, 12)
	0.011 : (5, 13)
 27 : 1.1087708830341008
	0.701 : (2, 11)
	0.275 : (3, 10)
	0.016 : (4, 13)
 28 : 1.2000960373213083
	0.340 : (2, 13)
	0.636 : (3, 12)
 29 : 1.2000960373213114
	0.632 : (2, 13)
	0.347 : (3, 12)
 30 : 1.2000960373213145
	0.486 : (2, 12)
	0.011 : (2, 13)
	0.486 : (3, 13)
 31 : 1.300785108817968
	0.480 : (2, 10)
	0.480 : (3, 11)
	0.012 : (4, 12)
	0.012 : (5, 13)
 32 : 1.3257619770854443
	0.499 : (2, 12)
	0.499 : (3, 13)
 33 : 19.958526372147556
	0.092 : (0, 10)
	0.803 : (0, 11)
	0.014 : (1, 10)
	0.092 : (1, 11)
 34 : 19.95852637214756
	0.395 : (0, 10)
	0.156 : (0, 11)
	0.054 : (1, 10)
	0.395 : (1, 11)
 35 : 19.95852637214756
	0.013 : (0, 10)
	0.042 : (0, 11)
	0.932 : (1, 10)
	0.013 : (1, 11)
 36 : 20.010979374996868
	0.500 : (0, 10)
	0.500 : (1, 11)
 37 : 20.01134204099097
	0.958 : (0, 13)
	0.042 : (1, 12)
 38 : 20.011342040990993
	0.041 : (0, 13)
	0.950 : (1, 12)
 39 : 20.011342040991018
	0.496 : (0, 12)
	0.496 : (1, 13)
 40 : 20.05053189402222
	0.500 : (0, 12)
	0.500 : (1, 13)
