scf energy for <class 'compChem.Hartree_Fock_modes.rhf.RHFMolecule'>: -74.94207989868099
 1 : 0.2872554419395307
	0.958 : (8, 11)
	0.042 : (9, 10)
 2 : 0.28725544193953073
	0.042 : (8, 11)
	0.958 : (9, 10)
 3 : 0.287255441939531
	0.500 : (8, 10)
	0.500 : (9, 11)
 4 : 0.34442492022955595
	0.062 : (4, 13)
	0.040 : (5, 12)
	0.541 : (6, 11)
	0.348 : (7, 10)
 5 : 0.3444249202295561
	0.040 : (4, 13)
	0.062 : (5, 12)
	0.348 : (6, 11)
	0.541 : (7, 10)
 6 : 0.3444249202295566
	0.051 : (4, 12)
	0.051 : (5, 13)
	0.444 : (6, 10)
	0.444 : (7, 11)
 7 : 0.3564616969224065
	0.500 : (8, 10)
	0.500 : (9, 11)
 8 : 0.3659889271754588
	0.997 : (9, 12)
 9 : 0.3659889271754589
	0.500 : (8, 12)
	0.500 : (9, 13)
 10 : 0.3659889271754593
	0.997 : (8, 13)
 11 : 0.3945137153795367
	0.402 : (4, 11)
	0.585 : (6, 13)
 12 : 0.3945137153795376
	0.402 : (5, 10)
	0.585 : (7, 12)
 13 : 0.39451371537953794
	0.201 : (4, 10)
	0.201 : (5, 11)
	0.293 : (6, 12)
	0.293 : (7, 13)
 14 : 0.41607167152283553
	0.500 : (8, 12)
	0.500 : (9, 13)
 15 : 0.5056282302543702
	0.059 : (4, 12)
	0.059 : (5, 13)
	0.439 : (6, 10)
	0.439 : (7, 11)
 16 : 0.5142899238774671
	0.376 : (4, 11)
	0.195 : (5, 10)
	0.265 : (6, 13)
	0.137 : (7, 12)
 17 : 0.5142899238774674
	0.185 : (4, 11)
	0.383 : (5, 10)
	0.130 : (6, 13)
	0.270 : (7, 12)
 18 : 0.5142899238774691
	0.280 : (4, 10)
	0.018 : (4, 11)
	0.280 : (5, 11)
	0.197 : (6, 12)
	0.013 : (6, 13)
	0.197 : (7, 13)
 19 : 0.5551918093711627
	0.153 : (4, 10)
	0.153 : (5, 11)
	0.347 : (6, 12)
	0.347 : (7, 13)
 20 : 0.563055674928585
	0.014 : (2, 11)
	0.814 : (4, 13)
	0.062 : (5, 12)
	0.101 : (6, 11)
 21 : 0.5630556749285881
	0.014 : (3, 10)
	0.062 : (4, 13)
	0.814 : (5, 12)
	0.101 : (7, 10)
 22 : 0.5630556749285883
	0.438 : (4, 12)
	0.438 : (5, 13)
	0.054 : (6, 10)
	0.054 : (7, 11)
 23 : 0.6553183725230578
	0.347 : (4, 10)
	0.347 : (5, 11)
	0.152 : (6, 12)
	0.152 : (7, 13)
 24 : 0.9101216154842189
	0.018 : (2, 10)
	0.018 : (3, 11)
	0.428 : (4, 12)
	0.428 : (5, 13)
	0.054 : (6, 10)
	0.054 : (7, 11)
 25 : 1.1087708830340683
	0.488 : (2, 10)
	0.488 : (3, 11)
	0.011 : (4, 12)
	0.011 : (5, 13)
 26 : 1.108770883034069
	0.819 : (2, 11)
	0.156 : (3, 10)
	0.018 : (4, 13)
 27 : 1.1087708830340721
	0.156 : (2, 11)
	0.819 : (3, 10)
	0.018 : (5, 12)
 28 : 1.2000960373213159
	0.392 : (2, 12)
	0.185 : (2, 13)
	0.015 : (3, 12)
	0.392 : (3, 13)
 29 : 1.200096037321319
	0.032 : (2, 12)
	0.067 : (2, 13)
	0.852 : (3, 12)
	0.032 : (3, 13)
	0.013 : (5, 10)
 30 : 1.2000960373213205
	0.068 : (2, 12)
	0.732 : (2, 13)
	0.117 : (3, 12)
	0.068 : (3, 13)
	0.011 : (4, 11)
 31 : 1.3007851088179272
	0.480 : (2, 10)
	0.480 : (3, 11)
	0.012 : (4, 12)
	0.012 : (5, 13)
 32 : 1.3257619770854763
	0.499 : (2, 12)
	0.499 : (3, 13)
 33 : 19.958526372147567
	0.499 : (0, 10)
	0.499 : (1, 11)
 34 : 19.95852637214758
	0.997 : (0, 11)
 35 : 19.9585263721476
	0.998 : (1, 10)
 36 : 20.01097937499687
	0.500 : (0, 10)
	0.500 : (1, 11)
 37 : 20.011342040990897
	0.362 : (0, 13)
	0.638 : (1, 12)
 38 : 20.011342040990915
	0.069 : (0, 12)
	0.550 : (0, 13)
	0.312 : (1, 12)
	0.069 : (1, 13)
 39 : 20.01134204099094
	0.431 : (0, 12)
	0.088 : (0, 13)
	0.051 : (1, 12)
	0.431 : (1, 13)
 40 : 20.050531894022143
	0.500 : (0, 12)
	0.500 : (1, 13)
