scf energy for <class 'compChem.Hartree_Fock_modes.cuhf.CUHFMolecule'>: -74.94207989868116
 1 : 0.28725544193955366
	1.000 : (9, 10)
 2 : 0.2872554419395559
	0.488 : (8, 10)
	0.024 : (8, 11)
	0.488 : (9, 11)
 3 : 0.2872554419395561
	0.012 : (8, 10)
	0.976 : (8, 11)
	0.012 : (9, 11)
 4 : 0.34442492022949883
	0.102 : (4, 13)
	0.888 : (7, 10)
 5 : 0.3444249202294989
	0.051 : (4, 12)
	0.051 : (5, 13)
	0.444 : (6, 10)
	0.444 : (7, 11)
 6 : 0.344424920229499
	0.102 : (5, 12)
	0.888 : (6, 11)
 7 : 0.3564616969224312
	0.500 : (8, 10)
	0.500 : (9, 11)
 8 : 0.36598892717546583
	0.977 : (8, 12)
	0.012 : (8, 13)
	0.012 : (9, 12)
 9 : 0.3659889271754662
	0.023 : (8, 12)
	0.488 : (8, 13)
	0.488 : (9, 12)
 10 : 0.3659889271754671
	1.000 : (9, 13)
 11 : 0.39451371537950075
	0.191 : (4, 11)
	0.191 : (5, 10)
	0.024 : (5, 11)
	0.034 : (6, 12)
	0.278 : (6, 13)
	0.278 : (7, 12)
 12 : 0.39451371537950136
	0.012 : (4, 11)
	0.012 : (5, 10)
	0.383 : (5, 11)
	0.557 : (6, 12)
	0.017 : (6, 13)
	0.017 : (7, 12)
 13 : 0.3945137153795015
	0.406 : (4, 10)
	0.591 : (7, 13)
 14 : 0.4160716715228273
	0.500 : (8, 13)
	0.500 : (9, 12)
 15 : 0.5056282302543696
	0.059 : (4, 12)
	0.059 : (5, 13)
	0.439 : (6, 10)
	0.439 : (7, 11)
 16 : 0.5142899238775009
	0.282 : (4, 11)
	0.282 : (5, 10)
	0.015 : (5, 11)
	0.011 : (6, 12)
	0.199 : (6, 13)
	0.199 : (7, 12)
 17 : 0.5142899238775017
	0.013 : (3, 12)
	0.564 : (5, 11)
	0.397 : (6, 12)
 18 : 0.5142899238775028
	0.013 : (2, 13)
	0.579 : (4, 10)
	0.408 : (7, 13)
 19 : 0.5551918093711372
	0.153 : (4, 11)
	0.153 : (5, 10)
	0.347 : (6, 13)
	0.347 : (7, 12)
 20 : 0.5630556749285632
	0.015 : (2, 10)
	0.876 : (4, 13)
	0.109 : (7, 10)
 21 : 0.5630556749285647
	0.015 : (3, 11)
	0.876 : (5, 12)
	0.109 : (6, 11)
 22 : 0.5630556749285665
	0.438 : (4, 12)
	0.438 : (5, 13)
	0.054 : (6, 10)
	0.054 : (7, 11)
 23 : 0.655318372523068
	0.347 : (4, 11)
	0.347 : (5, 10)
	0.152 : (6, 13)
	0.152 : (7, 12)
 24 : 0.9101216154842446
	0.018 : (2, 11)
	0.018 : (3, 10)
	0.428 : (4, 12)
	0.428 : (5, 13)
	0.054 : (6, 10)
	0.054 : (7, 11)
 25 : 1.1087708830341003
	0.975 : (2, 10)
	0.022 : (4, 13)
 26 : 1.1087708830341008
	0.974 : (3, 11)
	0.022 : (5, 12)
 27 : 1.1087708830341028
	0.487 : (2, 11)
	0.487 : (3, 10)
	0.011 : (4, 12)
	0.011 : (5, 13)
 28 : 1.2000960373213112
	0.482 : (2, 12)
	0.019 : (3, 12)
	0.482 : (3, 13)
 29 : 1.2000960373213116
	0.965 : (3, 12)
	0.015 : (5, 11)
 30 : 1.2000960373213119
	0.984 : (2, 13)
	0.015 : (4, 10)
 31 : 1.300785108817977
	0.480 : (2, 11)
	0.480 : (3, 10)
	0.012 : (4, 12)
	0.012 : (5, 13)
 32 : 1.3257619770854392
	0.499 : (2, 12)
	0.499 : (3, 13)
 33 : 19.958526372147553
	0.500 : (0, 11)
	0.500 : (1, 10)
 34 : 19.958526372147556
	1.000 : (0, 10)
 35 : 19.958526372147592
	1.000 : (1, 11)
 36 : 20.01097937499693
	0.500 : (0, 11)
	0.500 : (1, 10)
 37 : 20.011342040991003
	0.013 : (0, 12)
	0.974 : (1, 12)
	0.013 : (1, 13)
 38 : 20.01134204099102
	0.010 : (0, 12)
	0.979 : (0, 13)
	0.010 : (1, 13)
 39 : 20.01134204099102
	0.477 : (0, 12)
	0.021 : (0, 13)
	0.025 : (1, 12)
	0.477 : (1, 13)
 40 : 20.050531894022193
	0.500 : (0, 12)
	0.500 : (1, 13)
