scf energy for <class 'compChem.Hartree_Fock_modes.cuhf.CUHFMolecule'>: -1.5031118631757958
 1 : -0.0034155470297846206
	0.961 : (2, 5)
	0.028 : (2, 11)
 2 : -0.0018986410284205172
	0.973 : (2, 4)
	0.017 : (2, 10)
 3 : 0.0040691505072205265
	0.978 : (2, 3)
	0.012 : (2, 9)
 4 : 0.31861202460524535
	0.937 : (1, 3)
	0.063 : (1, 9)
 5 : 0.3259938699364218
	0.986 : (2, 7)
 6 : 0.3273170378137592
	0.989 : (2, 6)
 7 : 0.37186818206829697
	0.310 : (0, 3)
	0.027 : (0, 9)
	0.605 : (1, 4)
	0.035 : (1, 10)
	0.011 : (2, 9)
 8 : 0.4321231267490888
	0.885 : (0, 4)
	0.066 : (0, 10)
	0.012 : (2, 4)
	0.031 : (2, 10)
 9 : 0.4882078381265358
	0.014 : (0, 8)
	0.856 : (1, 5)
	0.026 : (1, 11)
	0.094 : (2, 8)
 10 : 0.48876287488707065
	0.814 : (0, 5)
	0.070 : (0, 11)
	0.017 : (2, 5)
	0.088 : (2, 11)
 11 : 0.5604264749769186
	0.629 : (0, 3)
	0.287 : (1, 4)
	0.077 : (2, 9)
 12 : 0.5802502137762015
	0.099 : (1, 5)
	0.068 : (1, 7)
	0.822 : (2, 8)
 13 : 0.5849367460609983
	0.105 : (0, 5)
	0.053 : (0, 7)
	0.016 : (2, 5)
	0.818 : (2, 11)
 14 : 0.59615109344072
	0.043 : (0, 4)
	0.014 : (2, 4)
	0.940 : (2, 10)
 15 : 0.6024998609348895
	0.023 : (0, 3)
	0.070 : (1, 4)
	0.891 : (2, 9)
 16 : 0.6787437094406279
	0.995 : (1, 6)
 17 : 0.7426972648149321
	0.324 : (0, 6)
	0.603 : (1, 7)
	0.064 : (2, 8)
 18 : 0.808397845671626
	0.937 : (0, 7)
	0.050 : (2, 11)
 19 : 0.8722605116473758
	0.991 : (2, 13)
 20 : 0.8742474712437109
	0.668 : (0, 6)
	0.320 : (1, 7)
 21 : 0.875070319016942
	0.995 : (2, 12)
 22 : 0.9072653202238633
	0.996 : (1, 8)
 23 : 0.9277394001312844
	0.063 : (1, 3)
	0.935 : (1, 9)
 24 : 0.9715000750082303
	0.034 : (0, 3)
	0.226 : (0, 9)
	0.027 : (1, 4)
	0.695 : (1, 10)
 25 : 0.9961794599147924
	0.460 : (0, 8)
	0.038 : (1, 5)
	0.482 : (1, 11)
 26 : 1.03283125187158
	0.064 : (0, 4)
	0.914 : (0, 10)
	0.010 : (2, 17)
 27 : 1.0820623731267085
	0.069 : (0, 5)
	0.894 : (0, 11)
	0.012 : (2, 16)
 28 : 1.1208047693702594
	0.738 : (0, 9)
	0.243 : (1, 10)
	0.015 : (2, 15)
 29 : 1.1251763872758327
	0.516 : (0, 8)
	0.457 : (1, 11)
	0.022 : (2, 14)
 30 : 1.1540826258558976
	1.000 : (1, 12)
 31 : 1.1949017746317767
	0.337 : (0, 12)
	0.639 : (1, 13)
	0.024 : (2, 21)
 32 : 1.2439563990469762
	0.944 : (0, 13)
	0.056 : (2, 23)
 33 : 1.3223806497347643
	0.013 : (0, 10)
	0.972 : (2, 17)
 34 : 1.3241161357103837
	0.020 : (1, 10)
	0.965 : (2, 15)
 35 : 1.3259771544867232
	0.018 : (0, 11)
	0.013 : (0, 16)
	0.956 : (2, 16)
 36 : 1.3345834384568125
	0.024 : (1, 11)
	0.953 : (2, 14)
 37 : 1.4129564715460512
	0.661 : (0, 12)
	0.336 : (1, 13)
 38 : 1.5189606672336555
	0.041 : (0, 16)
	0.939 : (2, 19)
 39 : 1.5207202125266601
	0.029 : (0, 14)
	0.017 : (1, 16)
	0.942 : (2, 18)
 40 : 1.5889522449325104
	0.998 : (1, 14)
 41 : 1.6102241247582763
	1.000 : (1, 15)
 42 : 1.6217340063833723
	0.024 : (0, 22)
	0.976 : (2, 22)
 43 : 1.6284534344838657
	0.025 : (1, 13)
	0.962 : (2, 21)
 44 : 1.628792767617705
	0.012 : (0, 20)
	0.983 : (2, 20)
 45 : 1.6389573696132487
	0.056 : (0, 13)
	0.015 : (0, 23)
	0.925 : (2, 23)
 46 : 1.6679716313583883
	0.307 : (0, 14)
	0.638 : (1, 16)
	0.044 : (2, 18)
 47 : 1.6741536499517304
	0.407 : (0, 15)
	0.574 : (1, 17)
	0.014 : (2, 24)
 48 : 1.7373982219723152
	0.953 : (0, 17)
	0.036 : (2, 25)
 49 : 1.7491894225388305
	0.943 : (0, 16)
	0.017 : (2, 16)
	0.038 : (2, 19)
 50 : 1.7891329989953966
	0.649 : (0, 14)
	0.329 : (1, 16)
	0.011 : (1, 19)
 51 : 1.8035059982409454
	0.579 : (0, 15)
	0.419 : (1, 17)
 52 : 1.805133831288366
	0.995 : (1, 18)
 53 : 1.8720391047014917
	0.011 : (0, 14)
	0.350 : (0, 18)
	0.621 : (1, 19)
 54 : 1.916879253024296
	1.000 : (1, 20)
 55 : 1.9366782765234856
	1.000 : (1, 21)
 56 : 1.9378037611185057
	0.977 : (0, 19)
	0.011 : (2, 29)
 57 : 1.9592392978556734
	0.147 : (0, 20)
	0.841 : (1, 22)
	0.013 : (2, 20)
 58 : 2.0094550234937842
	0.636 : (0, 18)
	0.362 : (1, 19)
 59 : 2.013647886159896
	0.392 : (0, 21)
	0.597 : (1, 23)
 60 : 2.033637034945868
	0.976 : (0, 22)
	0.024 : (2, 22)
 61 : 2.079756821782494
	0.842 : (0, 20)
	0.154 : (1, 22)
 62 : 2.091462632082953
	0.979 : (0, 23)
	0.017 : (2, 23)
 63 : 2.096221463068256
	0.599 : (0, 21)
	0.400 : (1, 23)
 64 : 2.179065280545809
	0.011 : (0, 15)
	0.982 : (2, 24)
 65 : 2.1877102232159036
	0.038 : (0, 17)
	0.958 : (2, 25)
 66 : 2.497724437351411
	1.000 : (1, 24)
 67 : 2.5423761213933873
	0.220 : (0, 24)
	0.600 : (1, 25)
	0.175 : (2, 26)
 68 : 2.5635296143706285
	0.314 : (0, 25)
	0.011 : (0, 27)
	0.671 : (2, 27)
 69 : 2.590376013553704
	0.988 : (2, 28)
 70 : 2.5948200535147015
	0.071 : (0, 24)
	0.337 : (1, 25)
	0.584 : (2, 26)
 71 : 2.5954263705140352
	0.012 : (0, 19)
	0.011 : (0, 29)
	0.975 : (2, 29)
 72 : 2.642502545958708
	0.706 : (0, 24)
	0.062 : (1, 25)
	0.226 : (2, 26)
 73 : 2.6556560024727967
	0.682 : (0, 25)
	0.309 : (2, 27)
 74 : 2.8747171729834538
	0.997 : (1, 26)
 75 : 2.9085836591148637
	0.998 : (1, 28)
 76 : 2.920104584685207
	0.157 : (0, 26)
	0.830 : (1, 27)
 77 : 2.971969817912973
	0.296 : (0, 28)
	0.696 : (1, 29)
 78 : 2.9938234783413034
	0.978 : (0, 27)
	0.016 : (2, 27)
 79 : 3.0370686985193056
	0.830 : (0, 26)
	0.164 : (1, 27)
 80 : 3.042601848773224
	0.984 : (0, 29)
	0.011 : (2, 29)
 81 : 3.0632889416048865
	0.695 : (0, 28)
	0.302 : (1, 29)
