scf energy for cuhf: -1.3281757555248146
 1 : -0.006950328236745462
	0.028 : (0, 4)
	0.972 : (2, 4)
 2 : -2.8240743077390107e-12
	0.035 : (0, 5)
	0.965 : (2, 5)
 3 : 0.02000023595903644
	0.045 : (1, 4)
	0.952 : (2, 3)
 4 : 0.354760811656922
	1.000 : (1, 3)
 5 : 0.4791829715064381
	0.398 : (0, 3)
	0.563 : (1, 4)
	0.039 : (2, 3)
 6 : 0.592693353151645
	0.972 : (0, 4)
	0.028 : (2, 4)
 7 : 0.7390867520142304
	1.000 : (1, 5)
 8 : 0.7390867520148421
	0.965 : (0, 5)
	0.035 : (2, 5)
 9 : 0.7766582426234048
	0.599 : (0, 3)
	0.391 : (1, 4)
