scf energy for <class 'compChem.Hartree_Fock_modes.cuhf.CUHFMolecule'>: -115.00893006174019
 1 : -0.037920500171979205
	0.075 : (20, 25)
	0.920 : (22, 23)
 2 : 0.12789680335472584
	0.560 : (20, 23)
	0.433 : (22, 25)
 3 : 0.13003463662160816
	0.575 : (21, 23)
	0.421 : (22, 24)
 4 : 0.14223277604826232
	0.992 : (21, 24)
 5 : 0.26278349590927624
	0.502 : (20, 24)
	0.487 : (21, 25)
 6 : 0.3072797022851684
	0.051 : (12, 25)
	0.019 : (14, 23)
	0.913 : (16, 23)
 7 : 0.30863964227655427
	0.048 : (13, 25)
	0.022 : (15, 23)
	0.914 : (17, 23)
 8 : 0.32015769136191996
	0.022 : (10, 23)
	0.083 : (14, 25)
	0.877 : (18, 23)
 9 : 0.3226274556943427
	0.020 : (11, 23)
	0.078 : (15, 25)
	0.890 : (19, 23)
 10 : 0.32322689235357843
	0.396 : (21, 23)
	0.548 : (22, 24)
 11 : 0.3582027339857036
	0.012 : (10, 25)
	0.803 : (14, 23)
	0.018 : (16, 23)
	0.158 : (18, 25)
 12 : 0.3615039638604206
	0.786 : (15, 23)
	0.021 : (17, 23)
	0.026 : (18, 24)
	0.148 : (19, 25)
 13 : 0.37198304229716395
	0.438 : (20, 23)
	0.562 : (22, 25)
 14 : 0.3812803612135296
	0.031 : (9, 24)
	0.189 : (15, 24)
	0.775 : (17, 24)
 15 : 0.388532513258818
	0.075 : (13, 24)
	0.906 : (19, 24)
 16 : 0.3974338436171886
	0.012 : (8, 24)
	0.279 : (13, 23)
	0.092 : (14, 24)
	0.430 : (16, 24)
	0.164 : (17, 25)
 17 : 0.4022741749491387
	0.033 : (10, 23)
	0.629 : (12, 23)
	0.318 : (16, 25)
 18 : 0.40581733960550015
	0.067 : (12, 24)
	0.028 : (15, 23)
	0.889 : (18, 24)
 19 : 0.41380150888495826
	0.015 : (8, 24)
	0.013 : (11, 23)
	0.361 : (13, 23)
	0.099 : (14, 24)
	0.337 : (16, 24)
	0.155 : (17, 25)
 20 : 0.41837881087532447
	0.909 : (20, 25)
	0.077 : (22, 23)
 21 : 0.45052894575158414
	0.458 : (20, 24)
	0.472 : (21, 25)
 22 : 0.49549107648613516
	0.017 : (6, 23)
	0.021 : (8, 25)
	0.039 : (10, 23)
	0.017 : (16, 25)
	0.025 : (20, 31)
	0.030 : (20, 33)
	0.019 : (20, 39)
	0.513 : (22, 27)
	0.259 : (22, 30)
	0.056 : (22, 35)
 23 : 0.5035735658831626
	0.030 : (11, 23)
	0.032 : (20, 32)
	0.013 : (20, 36)
	0.745 : (22, 26)
	0.080 : (22, 28)
	0.044 : (22, 34)
 24 : 0.5091791572799833
	0.794 : (15, 24)
	0.203 : (17, 24)
 25 : 0.5205927138881256
	0.018 : (6, 25)
	0.097 : (8, 23)
	0.023 : (10, 25)
	0.018 : (14, 23)
	0.120 : (18, 25)
	0.122 : (20, 30)
	0.582 : (22, 31)
 26 : 0.5250624040603031
	0.051 : (11, 23)
	0.020 : (13, 23)
	0.627 : (14, 24)
	0.044 : (15, 25)
	0.167 : (16, 24)
	0.030 : (17, 25)
	0.020 : (19, 23)
	0.022 : (22, 28)
 27 : 0.5265621510011619
	0.016 : (6, 23)
	0.013 : (8, 25)
	0.141 : (10, 23)
	0.025 : (14, 25)
	0.016 : (18, 23)
	0.094 : (20, 31)
	0.275 : (22, 27)
	0.349 : (22, 30)
	0.042 : (22, 35)
	0.013 : (22, 38)
 28 : 0.530119394531247
	0.012 : (7, 25)
	0.081 : (9, 23)
	0.018 : (11, 25)
	0.012 : (15, 23)
	0.106 : (19, 25)
	0.101 : (20, 28)
	0.038 : (21, 30)
	0.014 : (21, 35)
	0.577 : (22, 29)
 29 : 0.5321434022343564
	0.152 : (11, 23)
	0.029 : (13, 23)
	0.106 : (14, 24)
	0.049 : (15, 25)
	0.043 : (16, 24)
	0.012 : (17, 25)
	0.016 : (19, 23)
	0.071 : (20, 29)
	0.078 : (22, 26)
	0.386 : (22, 28)
	0.024 : (22, 34)
 30 : 0.5418820933336178
	0.016 : (8, 25)
	0.104 : (10, 23)
	0.224 : (12, 23)
	0.254 : (14, 25)
	0.224 : (16, 25)
	0.061 : (18, 23)
	0.013 : (20, 31)
	0.055 : (22, 27)
	0.037 : (22, 30)
 31 : 0.5436369075067317
	0.034 : (9, 25)
	0.021 : (11, 23)
	0.190 : (13, 23)
	0.056 : (14, 24)
	0.180 : (15, 25)
	0.249 : (17, 25)
	0.027 : (19, 23)
	0.030 : (20, 29)
	0.011 : (21, 31)
	0.029 : (22, 26)
	0.154 : (22, 28)
 32 : 0.5459847367686504
	0.010 : (7, 24)
	0.147 : (13, 24)
	0.034 : (19, 24)
	0.693 : (21, 26)
	0.022 : (21, 28)
	0.058 : (21, 34)
	0.035 : (21, 37)
 33 : 0.5460468263063661
	0.013 : (10, 25)
	0.112 : (12, 25)
	0.102 : (14, 23)
	0.607 : (18, 25)
	0.018 : (20, 30)
	0.129 : (22, 31)
 34 : 0.5465149359771222
	0.013 : (11, 25)
	0.105 : (13, 25)
	0.098 : (15, 23)
	0.617 : (19, 25)
	0.017 : (20, 28)
	0.113 : (22, 29)
 35 : 0.5534118164155957
	0.010 : (7, 24)
	0.664 : (13, 24)
	0.050 : (19, 24)
	0.239 : (21, 26)
	0.026 : (21, 28)
 36 : 0.5616632170100974
	0.073 : (20, 26)
	0.752 : (21, 27)
	0.012 : (21, 38)
	0.132 : (22, 32)
 37 : 0.5721179953121028
	0.889 : (12, 24)
	0.068 : (18, 24)
	0.012 : (19, 25)
 38 : 0.5726282190479468
	0.024 : (8, 23)
	0.272 : (20, 27)
	0.012 : (20, 30)
	0.011 : (20, 38)
	0.652 : (22, 33)
 39 : 0.5781367718571996
	0.033 : (7, 24)
	0.105 : (11, 24)
	0.094 : (13, 24)
	0.028 : (21, 26)
	0.437 : (21, 28)
	0.293 : (21, 34)
 40 : 0.5827191965437473
	0.021 : (9, 23)
	0.198 : (20, 26)
	0.201 : (21, 27)
	0.533 : (22, 32)
 41 : 0.6043826494513073
	0.014 : (9, 29)
	0.033 : (11, 26)
	0.047 : (11, 34)
	0.017 : (11, 37)
	0.017 : (13, 34)
	0.018 : (13, 37)
	0.088 : (15, 29)
	0.014 : (15, 32)
	0.012 : (15, 36)
	0.016 : (17, 32)
	0.453 : (19, 26)
	0.223 : (19, 28)
 42 : 0.6076513239304304
	0.011 : (6, 23)
	0.033 : (8, 25)
	0.308 : (10, 23)
	0.013 : (12, 23)
	0.057 : (16, 25)
	0.040 : (20, 33)
	0.024 : (20, 39)
	0.027 : (22, 27)
	0.121 : (22, 30)
	0.331 : (22, 35)
	0.025 : (22, 38)
 43 : 0.6103225115562639
	0.020 : (10, 26)
	0.022 : (10, 34)
	0.023 : (11, 27)
	0.022 : (11, 35)
	0.012 : (13, 27)
	0.026 : (14, 29)
	0.026 : (15, 31)
	0.245 : (18, 26)
	0.100 : (18, 28)
	0.011 : (18, 34)
	0.297 : (19, 27)
	0.053 : (19, 30)
 44 : 0.6119947939248316
	0.033 : (9, 25)
	0.444 : (11, 23)
	0.025 : (13, 23)
	0.106 : (17, 25)
	0.020 : (20, 32)
	0.012 : (20, 36)
	0.023 : (22, 26)
	0.116 : (22, 28)
	0.180 : (22, 34)
	0.011 : (22, 37)
 45 : 0.6151296837051229
	0.050 : (10, 27)
	0.041 : (10, 35)
	0.015 : (10, 38)
	0.033 : (12, 27)
	0.021 : (12, 35)
	0.017 : (12, 38)
	0.033 : (14, 31)
	0.604 : (18, 27)
	0.095 : (18, 30)
	0.030 : (18, 35)
	0.013 : (18, 38)
 46 : 0.615623977203054
	0.019 : (9, 26)
	0.023 : (11, 32)
	0.063 : (13, 29)
	0.132 : (13, 32)
	0.052 : (15, 28)
	0.374 : (17, 26)
	0.182 : (17, 28)
	0.011 : (17, 37)
	0.082 : (19, 29)
	0.029 : (19, 32)
 47 : 0.6168349195860348
	0.011 : (9, 24)
	0.792 : (21, 29)
	0.118 : (21, 32)
	0.072 : (21, 36)
 48 : 0.6221486243117449
	0.108 : (11, 23)
	0.069 : (17, 25)
	0.045 : (20, 32)
	0.040 : (20, 36)
	0.037 : (21, 31)
	0.024 : (22, 26)
	0.033 : (22, 28)
	0.548 : (22, 34)
	0.051 : (22, 37)
 49 : 0.6239022694505674
	0.022 : (6, 24)
	0.012 : (9, 23)
	0.148 : (10, 24)
	0.020 : (11, 25)
	0.010 : (20, 26)
	0.095 : (20, 34)
	0.220 : (21, 30)
	0.330 : (21, 35)
	0.016 : (21, 38)
	0.046 : (22, 29)
	0.034 : (22, 36)
 50 : 0.6270006844769429
	0.030 : (9, 32)
	0.035 : (11, 26)
	0.109 : (13, 26)
	0.114 : (13, 28)
	0.016 : (13, 37)
	0.116 : (15, 29)
	0.123 : (17, 29)
	0.189 : (17, 32)
	0.080 : (19, 26)
	0.148 : (19, 28)
	0.012 : (19, 34)
 51 : 0.6276400874145204
	0.020 : (8, 25)
	0.192 : (10, 23)
	0.022 : (12, 23)
	0.168 : (16, 25)
	0.013 : (20, 31)
	0.029 : (20, 33)
	0.032 : (20, 39)
	0.025 : (22, 27)
	0.053 : (22, 30)
	0.390 : (22, 35)
	0.045 : (22, 38)
 52 : 0.6289320265231082
	0.033 : (9, 28)
	0.102 : (11, 29)
	0.028 : (13, 32)
	0.045 : (15, 26)
	0.235 : (15, 28)
	0.053 : (15, 34)
	0.020 : (15, 37)
	0.085 : (17, 26)
	0.301 : (19, 29)
	0.038 : (19, 32)
	0.014 : (19, 36)
 53 : 0.6336186143439261
	0.013 : (10, 32)
	0.012 : (11, 33)
	0.032 : (12, 29)
	0.071 : (12, 32)
	0.020 : (13, 31)
	0.075 : (13, 33)
	0.021 : (14, 28)
	0.020 : (15, 30)
	0.215 : (16, 26)
	0.095 : (16, 28)
	0.163 : (17, 27)
	0.109 : (17, 30)
	0.034 : (18, 29)
	0.016 : (18, 32)
	0.025 : (19, 31)
	0.019 : (19, 33)
 54 : 0.6458407413796166
	0.013 : (8, 32)
	0.015 : (9, 33)
	0.017 : (10, 26)
	0.017 : (11, 27)
	0.058 : (12, 26)
	0.062 : (12, 28)
	0.041 : (13, 27)
	0.065 : (13, 30)
	0.067 : (14, 29)
	0.056 : (15, 31)
	0.067 : (16, 29)
	0.101 : (16, 32)
	0.043 : (17, 31)
	0.105 : (17, 33)
	0.032 : (18, 26)
	0.088 : (18, 28)
	0.015 : (19, 27)
	0.085 : (19, 30)
 55 : 0.6458734711529541
	0.014 : (8, 28)
	0.014 : (9, 30)
	0.048 : (10, 29)
	0.047 : (11, 31)
	0.011 : (12, 32)
	0.023 : (14, 26)
	0.130 : (14, 28)
	0.029 : (14, 34)
	0.010 : (14, 37)
	0.044 : (15, 27)
	0.096 : (15, 30)
	0.029 : (15, 35)
	0.010 : (15, 38)
	0.032 : (16, 26)
	0.033 : (17, 27)
	0.173 : (18, 29)
	0.018 : (18, 32)
	0.151 : (19, 31)
	0.013 : (19, 33)
 56 : 0.6477889172202891
	0.015 : (7, 24)
	0.794 : (11, 24)
	0.180 : (21, 28)
 57 : 0.6509510978797388
	0.032 : (9, 29)
	0.026 : (11, 26)
	0.137 : (11, 28)
	0.207 : (13, 26)
	0.173 : (15, 29)
	0.015 : (15, 32)
	0.013 : (15, 36)
	0.106 : (17, 32)
	0.034 : (19, 26)
	0.161 : (19, 34)
	0.058 : (19, 37)
 58 : 0.6516958811431512
	0.011 : (8, 27)
	0.012 : (8, 30)
	0.025 : (10, 33)
	0.038 : (12, 31)
	0.163 : (12, 33)
	0.026 : (14, 30)
	0.385 : (16, 27)
	0.226 : (16, 30)
	0.015 : (16, 38)
	0.031 : (18, 31)
	0.042 : (18, 33)
 59 : 0.6581133971722327
	0.022 : (6, 25)
	0.281 : (8, 23)
	0.012 : (10, 25)
	0.043 : (12, 25)
	0.065 : (20, 27)
	0.199 : (20, 35)
	0.026 : (20, 38)
	0.098 : (22, 31)
	0.113 : (22, 33)
	0.137 : (22, 39)
 60 : 0.6592420048527596
	0.318 : (9, 23)
	0.306 : (10, 24)
	0.031 : (11, 25)
	0.070 : (13, 25)
	0.034 : (20, 34)
	0.019 : (21, 30)
	0.014 : (21, 35)
	0.092 : (22, 29)
	0.055 : (22, 32)
	0.033 : (22, 36)
 61 : 0.6630466249706313
	0.022 : (8, 30)
	0.089 : (10, 31)
	0.016 : (12, 31)
	0.011 : (12, 33)
	0.095 : (14, 27)
	0.216 : (14, 30)
	0.063 : (14, 35)
	0.020 : (14, 38)
	0.038 : (16, 27)
	0.349 : (18, 31)
	0.021 : (18, 33)
	0.013 : (18, 39)
 62 : 0.6633437185319203
	0.016 : (8, 29)
	0.017 : (9, 31)
	0.065 : (10, 28)
	0.021 : (11, 27)
	0.056 : (11, 30)
	0.099 : (12, 26)
	0.099 : (13, 27)
	0.102 : (14, 29)
	0.096 : (15, 31)
	0.059 : (16, 32)
	0.057 : (17, 33)
	0.010 : (18, 28)
	0.080 : (18, 34)
	0.027 : (18, 37)
	0.080 : (19, 35)
	0.026 : (19, 38)
 63 : 0.6643921802339751
	0.660 : (21, 31)
	0.179 : (21, 33)
	0.057 : (21, 39)
	0.051 : (22, 28)
	0.039 : (22, 34)
 64 : 0.6653066298307156
	0.025 : (8, 33)
	0.034 : (10, 27)
	0.092 : (12, 27)
	0.143 : (12, 30)
	0.014 : (12, 38)
	0.115 : (14, 31)
	0.092 : (16, 31)
	0.237 : (16, 33)
	0.025 : (18, 27)
	0.182 : (18, 30)
 65 : 0.6735805957751775
	0.278 : (8, 23)
	0.094 : (10, 25)
	0.141 : (12, 25)
	0.014 : (16, 23)
	0.015 : (18, 25)
	0.134 : (20, 27)
	0.032 : (20, 30)
	0.152 : (20, 35)
	0.025 : (20, 38)
	0.020 : (22, 31)
	0.089 : (22, 39)
 66 : 0.6775754839976507
	0.031 : (8, 31)
	0.032 : (10, 27)
	0.106 : (10, 30)
	0.186 : (12, 27)
	0.221 : (14, 31)
	0.016 : (14, 33)
	0.019 : (14, 39)
	0.114 : (16, 33)
	0.034 : (18, 30)
	0.162 : (18, 35)
	0.048 : (18, 38)
 67 : 0.6836558943852877
	0.090 : (11, 23)
	0.073 : (13, 23)
	0.609 : (15, 25)
	0.174 : (17, 25)
	0.031 : (19, 23)
 68 : 0.685606934400676
	0.058 : (10, 24)
	0.350 : (20, 26)
	0.083 : (20, 34)
	0.039 : (20, 37)
	0.198 : (21, 30)
	0.048 : (21, 35)
	0.102 : (22, 32)
	0.109 : (22, 36)
 69 : 0.6935756605618919
	0.078 : (10, 23)
	0.087 : (12, 23)
	0.600 : (14, 25)
	0.182 : (16, 25)
	0.031 : (18, 23)
 70 : 0.702840333344655
	0.011 : (6, 24)
	0.123 : (9, 23)
	0.231 : (10, 24)
	0.289 : (13, 25)
	0.015 : (15, 23)
	0.014 : (17, 23)
	0.040 : (19, 25)
	0.066 : (20, 26)
	0.135 : (21, 30)
	0.032 : (21, 35)
 71 : 0.7077006243245704
	0.063 : (11, 24)
	0.013 : (21, 26)
	0.314 : (21, 28)
	0.604 : (21, 34)
 72 : 0.7177343394214769
	0.019 : (6, 25)
	0.042 : (10, 25)
	0.441 : (20, 27)
	0.121 : (20, 30)
	0.182 : (20, 35)
	0.018 : (20, 38)
	0.037 : (22, 31)
	0.120 : (22, 33)
	0.014 : (22, 39)
 73 : 0.7257601179466612
	0.014 : (7, 25)
	0.114 : (9, 23)
	0.033 : (11, 25)
	0.383 : (13, 25)
	0.015 : (15, 23)
	0.025 : (17, 23)
	0.052 : (19, 25)
	0.033 : (20, 26)
	0.203 : (21, 30)
	0.099 : (21, 35)
	0.011 : (22, 32)
 74 : 0.7266385867153926
	0.028 : (9, 24)
	0.124 : (21, 29)
	0.843 : (21, 32)
 75 : 0.731859278133447
	0.101 : (8, 23)
	0.090 : (10, 25)
	0.608 : (12, 25)
	0.039 : (14, 23)
	0.039 : (16, 23)
	0.090 : (18, 25)
 76 : 0.7421431068368601
	0.014 : (7, 34)
	0.013 : (9, 36)
	0.081 : (13, 28)
	0.016 : (13, 34)
	0.014 : (13, 37)
	0.049 : (15, 29)
	0.046 : (15, 36)
	0.303 : (17, 29)
	0.025 : (17, 32)
	0.041 : (17, 36)
	0.089 : (19, 26)
	0.104 : (19, 28)
	0.144 : (19, 34)
	0.012 : (19, 37)
 77 : 0.7427152429965076
	0.175 : (9, 23)
	0.165 : (10, 24)
	0.022 : (11, 25)
	0.037 : (13, 25)
	0.030 : (20, 26)
	0.112 : (20, 28)
	0.146 : (20, 34)
	0.128 : (21, 30)
	0.086 : (21, 35)
	0.027 : (22, 32)
	0.035 : (22, 36)
 78 : 0.7432862684201282
	0.010 : (7, 36)
	0.035 : (9, 26)
	0.015 : (9, 28)
	0.012 : (9, 34)
	0.028 : (13, 32)
	0.346 : (15, 26)
	0.035 : (15, 28)
	0.074 : (15, 34)
	0.112 : (17, 26)
	0.144 : (17, 34)
	0.056 : (17, 37)
	0.032 : (19, 29)
	0.037 : (19, 32)
	0.034 : (19, 36)
 79 : 0.747252161975789
	0.016 : (7, 25)
	0.030 : (9, 23)
	0.016 : (10, 24)
	0.022 : (11, 25)
	0.015 : (13, 25)
	0.111 : (20, 26)
	0.133 : (20, 28)
	0.156 : (20, 34)
	0.035 : (21, 30)
	0.348 : (21, 35)
	0.027 : (22, 29)
	0.022 : (22, 32)
	0.052 : (22, 36)
 80 : 0.7529368566331203
	0.012 : (8, 24)
	0.202 : (21, 31)
	0.766 : (21, 33)
 81 : 0.7600959707693004
	0.016 : (8, 26)
	0.019 : (9, 27)
	0.011 : (12, 32)
	0.191 : (14, 26)
	0.017 : (14, 28)
	0.021 : (14, 34)
	0.193 : (15, 27)
	0.015 : (15, 30)
	0.019 : (15, 35)
	0.070 : (16, 26)
	0.049 : (16, 34)
	0.020 : (16, 37)
	0.129 : (17, 27)
	0.049 : (17, 35)
	0.022 : (17, 38)
	0.020 : (18, 29)
	0.023 : (18, 32)
	0.013 : (18, 36)
	0.029 : (19, 33)
 82 : 0.7615682864594943
	0.012 : (9, 34)
	0.079 : (13, 29)
	0.013 : (13, 32)
	0.053 : (15, 26)
	0.029 : (15, 28)
	0.051 : (15, 34)
	0.211 : (17, 26)
	0.402 : (17, 28)
	0.043 : (17, 34)
	0.013 : (19, 29)
	0.026 : (19, 32)
	0.013 : (19, 36)
 83 : 0.7616401210697362
	0.369 : (20, 29)
	0.247 : (20, 32)
	0.022 : (20, 36)
	0.014 : (21, 33)
	0.037 : (22, 26)
	0.091 : (22, 28)
	0.062 : (22, 34)
	0.143 : (22, 37)
 84 : 0.7618521801323137
	0.046 : (12, 28)
	0.033 : (13, 30)
	0.033 : (14, 29)
	0.023 : (14, 36)
	0.019 : (15, 31)
	0.023 : (15, 39)
	0.164 : (16, 29)
	0.019 : (16, 36)
	0.118 : (17, 31)
	0.022 : (17, 39)
	0.064 : (18, 26)
	0.078 : (18, 28)
	0.085 : (18, 34)
	0.022 : (19, 27)
	0.041 : (19, 30)
	0.072 : (19, 35)
 85 : 0.7648122299944818
	0.014 : (6, 23)
	0.269 : (20, 31)
	0.252 : (20, 33)
	0.015 : (20, 39)
	0.073 : (22, 27)
	0.078 : (22, 30)
	0.093 : (22, 35)
	0.195 : (22, 38)
 86 : 0.7735749310305522
	0.025 : (12, 29)
	0.030 : (13, 31)
	0.016 : (13, 33)
	0.027 : (14, 28)
	0.031 : (14, 34)
	0.027 : (15, 27)
	0.044 : (15, 35)
	0.155 : (16, 28)
	0.065 : (16, 34)
	0.014 : (16, 37)
	0.305 : (17, 27)
	0.094 : (17, 30)
	0.023 : (17, 35)
	0.013 : (18, 29)
	0.015 : (19, 39)
 87 : 0.7753446871900154
	0.035 : (8, 27)
	0.019 : (12, 31)
	0.014 : (12, 33)
	0.374 : (14, 27)
	0.030 : (14, 30)
	0.014 : (14, 35)
	0.275 : (16, 27)
	0.046 : (16, 30)
	0.055 : (16, 35)
	0.027 : (16, 38)
	0.013 : (18, 31)
	0.065 : (18, 33)
	0.011 : (18, 39)
 88 : 0.7835636546447003
	0.921 : (9, 24)
	0.013 : (15, 24)
	0.017 : (17, 24)
	0.034 : (21, 29)
	0.011 : (21, 32)
 89 : 0.7837056512360027
	0.014 : (6, 35)
	0.012 : (8, 39)
	0.077 : (12, 30)
	0.020 : (12, 35)
	0.013 : (12, 38)
	0.057 : (14, 31)
	0.046 : (14, 39)
	0.261 : (16, 31)
	0.044 : (16, 39)
	0.067 : (18, 27)
	0.133 : (18, 30)
	0.174 : (18, 35)
	0.020 : (18, 38)
 90 : 0.7847670011053293
	0.025 : (12, 29)
	0.015 : (12, 32)
	0.076 : (14, 26)
	0.018 : (14, 34)
	0.024 : (15, 27)
	0.436 : (16, 26)
	0.087 : (16, 28)
	0.148 : (17, 27)
	0.028 : (17, 30)
	0.040 : (17, 35)
	0.025 : (18, 32)
	0.011 : (18, 36)
 91 : 0.7939618500411137
	0.011 : (6, 31)
	0.012 : (6, 39)
	0.012 : (8, 30)
	0.021 : (8, 35)
	0.058 : (12, 31)
	0.022 : (12, 33)
	0.054 : (14, 30)
	0.133 : (14, 35)
	0.084 : (16, 27)
	0.269 : (16, 30)
	0.175 : (16, 35)
	0.039 : (16, 38)
	0.034 : (18, 31)
	0.040 : (18, 39)
 92 : 0.7999891034121012
	0.016 : (7, 26)
	0.051 : (11, 26)
	0.010 : (11, 28)
	0.040 : (13, 26)
	0.012 : (13, 34)
	0.018 : (15, 29)
	0.057 : (15, 32)
	0.200 : (17, 29)
	0.204 : (17, 32)
	0.140 : (19, 26)
	0.080 : (19, 28)
	0.143 : (19, 34)
 93 : 0.8019651557176197
	0.015 : (12, 28)
	0.010 : (13, 30)
	0.043 : (14, 32)
	0.021 : (15, 33)
	0.059 : (16, 29)
	0.012 : (17, 33)
	0.452 : (18, 26)
	0.323 : (19, 27)
	0.017 : (19, 35)
 94 : 0.8142716328848891
	0.030 : (10, 26)
	0.025 : (11, 27)
	0.012 : (12, 26)
	0.022 : (13, 27)
	0.017 : (14, 32)
	0.011 : (15, 31)
	0.043 : (15, 33)
	0.097 : (16, 29)
	0.099 : (16, 32)
	0.113 : (17, 31)
	0.081 : (17, 33)
	0.011 : (18, 26)
	0.071 : (18, 28)
	0.091 : (18, 34)
	0.144 : (19, 27)
	0.027 : (19, 30)
	0.040 : (19, 35)
 95 : 0.8164545211044493
	0.088 : (6, 25)
	0.106 : (8, 23)
	0.583 : (10, 25)
	0.013 : (14, 23)
	0.021 : (20, 27)
	0.040 : (20, 35)
	0.109 : (22, 39)
 96 : 0.816662851001649
	0.488 : (7, 23)
	0.240 : (8, 24)
	0.120 : (9, 25)
	0.039 : (11, 23)
	0.019 : (15, 25)
	0.016 : (17, 25)
	0.016 : (20, 32)
	0.017 : (21, 31)
	0.012 : (22, 28)
	0.013 : (22, 37)
 97 : 0.8190989140236768
	0.068 : (11, 25)
	0.077 : (20, 26)
	0.397 : (20, 28)
	0.035 : (20, 34)
	0.025 : (20, 37)
	0.071 : (22, 29)
	0.030 : (22, 32)
	0.269 : (22, 36)
 98 : 0.8216320056264901
	0.648 : (6, 23)
	0.138 : (8, 25)
	0.057 : (10, 23)
	0.019 : (14, 25)
	0.017 : (16, 25)
	0.034 : (20, 33)
	0.024 : (22, 30)
	0.046 : (22, 38)
 99 : 0.8230693517476927
	0.014 : (9, 28)
	0.025 : (11, 29)
	0.025 : (11, 32)
	0.047 : (13, 29)
	0.021 : (13, 36)
	0.186 : (15, 26)
	0.027 : (15, 28)
	0.059 : (15, 34)
	0.012 : (15, 37)
	0.018 : (17, 26)
	0.108 : (17, 28)
	0.291 : (17, 34)
	0.138 : (19, 32)
 100 : 0.8270671259668668
	0.017 : (10, 29)
	0.020 : (12, 29)
	0.011 : (13, 39)
	0.104 : (14, 28)
	0.044 : (15, 27)
	0.078 : (15, 30)
	0.014 : (15, 35)
	0.010 : (15, 38)
	0.094 : (16, 28)
	0.035 : (17, 30)
	0.111 : (17, 35)
	0.208 : (18, 29)
	0.163 : (19, 31)
	0.035 : (19, 33)
 101 : 0.8290054029569891
	0.016 : (6, 27)
	0.067 : (10, 27)
	0.030 : (12, 27)
	0.013 : (12, 35)
	0.015 : (14, 31)
	0.067 : (14, 33)
	0.251 : (16, 31)
	0.179 : (16, 33)
	0.103 : (18, 27)
	0.097 : (18, 30)
	0.126 : (18, 35)
 102 : 0.8307774911360194
	0.041 : (7, 25)
	0.035 : (9, 23)
	0.033 : (10, 24)
	0.691 : (11, 25)
	0.017 : (13, 25)
	0.015 : (15, 23)
	0.125 : (20, 28)
	0.025 : (22, 29)
 103 : 0.8313514502376907
	0.011 : (7, 23)
	0.015 : (8, 24)
	0.404 : (20, 29)
	0.112 : (20, 32)
	0.042 : (20, 36)
	0.023 : (22, 26)
	0.026 : (22, 28)
	0.027 : (22, 34)
	0.330 : (22, 37)
 104 : 0.8377777051090037
	0.011 : (10, 32)
	0.020 : (11, 31)
	0.012 : (11, 33)
	0.018 : (12, 29)
	0.014 : (12, 36)
	0.020 : (13, 31)
	0.086 : (14, 26)
	0.026 : (14, 34)
	0.050 : (15, 27)
	0.094 : (15, 30)
	0.021 : (15, 35)
	0.011 : (16, 26)
	0.048 : (16, 28)
	0.145 : (16, 34)
	0.063 : (17, 30)
	0.065 : (17, 35)
	0.022 : (18, 29)
	0.093 : (18, 32)
	0.079 : (19, 31)
	0.042 : (19, 33)
 105 : 0.8400343380904295
	0.035 : (12, 29)
	0.062 : (13, 31)
	0.016 : (13, 33)
	0.052 : (14, 26)
	0.022 : (14, 28)
	0.017 : (15, 27)
	0.025 : (15, 30)
	0.034 : (16, 26)
	0.196 : (16, 28)
	0.314 : (17, 30)
	0.087 : (18, 29)
	0.021 : (18, 32)
	0.065 : (19, 31)
	0.020 : (19, 33)
 106 : 0.8478161267573865
	0.015 : (8, 23)
	0.061 : (10, 25)
	0.020 : (20, 27)
	0.549 : (20, 30)
	0.033 : (20, 38)
	0.085 : (22, 31)
	0.029 : (22, 33)
	0.196 : (22, 39)
 107 : 0.8479390834354166
	0.032 : (11, 26)
	0.013 : (11, 28)
	0.031 : (11, 34)
	0.107 : (13, 26)
	0.035 : (13, 28)
	0.070 : (13, 34)
	0.238 : (15, 32)
	0.025 : (15, 36)
	0.111 : (17, 29)
	0.022 : (17, 32)
	0.068 : (17, 36)
	0.035 : (19, 26)
	0.016 : (19, 28)
	0.098 : (19, 34)
	0.067 : (19, 37)
 108 : 0.8494849971263677
	0.012 : (13, 35)
	0.049 : (14, 29)
	0.066 : (15, 31)
	0.309 : (18, 28)
	0.019 : (18, 34)
	0.373 : (19, 30)
	0.093 : (19, 35)
 109 : 0.8496500914510072
	0.026 : (10, 31)
	0.029 : (10, 33)
	0.048 : (12, 31)
	0.017 : (12, 39)
	0.156 : (14, 27)
	0.060 : (14, 30)
	0.054 : (14, 35)
	0.010 : (14, 38)
	0.031 : (16, 27)
	0.138 : (16, 30)
	0.255 : (16, 35)
	0.015 : (18, 31)
	0.133 : (18, 33)
 110 : 0.8542852237848617
	0.052 : (6, 23)
	0.013 : (8, 25)
	0.468 : (20, 31)
	0.048 : (20, 33)
	0.064 : (20, 39)
	0.042 : (22, 30)
	0.013 : (22, 35)
	0.288 : (22, 38)
 111 : 0.8543924202667663
	0.047 : (21, 29)
	0.027 : (21, 32)
	0.918 : (21, 36)
 112 : 0.856333563374208
	0.013 : (12, 26)
	0.080 : (12, 28)
	0.022 : (12, 34)
	0.043 : (13, 30)
	0.030 : (14, 32)
	0.023 : (15, 33)
	0.366 : (16, 29)
	0.014 : (16, 36)
	0.225 : (17, 31)
	0.058 : (18, 26)
	0.018 : (19, 27)
	0.017 : (19, 30)
	0.018 : (19, 35)
 113 : 0.8607377382691472
	0.014 : (11, 27)
	0.014 : (11, 30)
	0.017 : (11, 35)
	0.036 : (12, 26)
	0.017 : (12, 34)
	0.062 : (13, 27)
	0.058 : (13, 30)
	0.037 : (13, 35)
	0.087 : (14, 32)
	0.096 : (15, 33)
	0.018 : (16, 36)
	0.238 : (17, 31)
	0.015 : (17, 33)
	0.028 : (17, 39)
	0.065 : (18, 34)
	0.025 : (18, 37)
	0.037 : (19, 27)
	0.020 : (19, 30)
	0.016 : (19, 35)
	0.024 : (19, 38)
 114 : 0.8646928878472312
	0.012 : (13, 31)
	0.157 : (14, 26)
	0.023 : (14, 28)
	0.201 : (15, 27)
	0.034 : (15, 30)
	0.038 : (16, 26)
	0.086 : (16, 28)
	0.055 : (17, 27)
	0.085 : (17, 30)
	0.142 : (18, 32)
	0.111 : (19, 33)
 115 : 0.8679136611985218
	0.025 : (11, 29)
	0.060 : (13, 29)
	0.012 : (13, 32)
	0.022 : (15, 26)
	0.095 : (15, 28)
	0.012 : (15, 34)
	0.015 : (15, 37)
	0.018 : (17, 28)
	0.162 : (17, 34)
	0.199 : (19, 29)
	0.245 : (19, 32)
	0.114 : (19, 36)
 116 : 0.8696888432114543
	0.232 : (7, 23)
	0.609 : (8, 24)
	0.037 : (9, 25)
	0.015 : (21, 31)
	0.075 : (21, 39)
 117 : 0.8711556116263904
	0.216 : (7, 24)
	0.020 : (21, 26)
	0.015 : (21, 28)
	0.033 : (21, 34)
	0.702 : (21, 37)
 118 : 0.8718327243311296
	0.022 : (10, 27)
	0.021 : (10, 30)
	0.033 : (10, 35)
	0.118 : (12, 27)
	0.028 : (12, 30)
	0.061 : (12, 35)
	0.228 : (14, 33)
	0.022 : (14, 39)
	0.128 : (16, 31)
	0.029 : (16, 33)
	0.056 : (16, 39)
	0.028 : (18, 27)
	0.033 : (18, 30)
	0.104 : (18, 35)
	0.063 : (18, 38)
 119 : 0.8761507704710323
	0.079 : (8, 24)
	0.011 : (20, 29)
	0.031 : (21, 31)
	0.025 : (21, 33)
	0.841 : (21, 39)
 120 : 0.8807331231012673
	0.041 : (12, 29)
	0.017 : (13, 31)
	0.028 : (14, 26)
	0.065 : (14, 28)
	0.022 : (15, 30)
	0.011 : (15, 38)
	0.107 : (16, 34)
	0.015 : (17, 30)
	0.062 : (17, 35)
	0.077 : (18, 29)
	0.104 : (18, 32)
	0.056 : (18, 36)
	0.112 : (19, 31)
	0.148 : (19, 33)
	0.055 : (19, 39)
 121 : 0.8859526152118994
	0.709 : (7, 24)
	0.025 : (11, 24)
	0.249 : (21, 37)
 122 : 0.8921750700755756
	0.017 : (21, 27)
	0.021 : (21, 35)
	0.934 : (21, 38)
 123 : 0.8927491456609802
	0.013 : (10, 31)
	0.051 : (12, 31)
	0.012 : (12, 33)
	0.043 : (14, 27)
	0.065 : (14, 30)
	0.011 : (14, 35)
	0.020 : (14, 38)
	0.016 : (16, 30)
	0.176 : (16, 35)
	0.181 : (18, 31)
	0.280 : (18, 33)
	0.112 : (18, 39)
 124 : 0.9010844032000866
	0.033 : (12, 29)
	0.036 : (13, 31)
	0.033 : (14, 26)
	0.036 : (14, 28)
	0.049 : (15, 27)
	0.022 : (15, 30)
	0.233 : (16, 34)
	0.288 : (17, 35)
	0.046 : (18, 29)
	0.025 : (18, 32)
	0.054 : (19, 31)
	0.062 : (19, 33)
	0.016 : (19, 39)
 125 : 0.9127785465089301
	0.011 : (10, 26)
	0.011 : (10, 28)
	0.023 : (11, 27)
	0.096 : (12, 26)
	0.027 : (12, 28)
	0.028 : (12, 34)
	0.073 : (13, 27)
	0.019 : (13, 30)
	0.022 : (13, 35)
	0.095 : (14, 29)
	0.064 : (15, 31)
	0.083 : (16, 32)
	0.101 : (17, 33)
	0.116 : (18, 34)
	0.153 : (19, 35)
 126 : 0.9150110006035805
	0.043 : (11, 26)
	0.121 : (13, 26)
	0.204 : (13, 34)
	0.018 : (13, 37)
	0.034 : (15, 29)
	0.125 : (15, 32)
	0.014 : (15, 36)
	0.062 : (17, 32)
	0.117 : (17, 36)
	0.018 : (19, 28)
	0.170 : (19, 34)
	0.029 : (19, 37)
 127 : 0.9202888665725941
	0.017 : (11, 29)
	0.068 : (13, 29)
	0.086 : (13, 32)
	0.036 : (13, 36)
	0.022 : (15, 26)
	0.134 : (15, 28)
	0.329 : (15, 34)
	0.019 : (15, 37)
	0.014 : (17, 26)
	0.063 : (17, 34)
	0.067 : (17, 37)
	0.052 : (19, 29)
	0.042 : (19, 32)
	0.020 : (19, 36)
 128 : 0.9235696577875153
	0.025 : (6, 24)
	0.021 : (11, 25)
	0.078 : (20, 28)
	0.394 : (20, 34)
	0.015 : (20, 37)
	0.011 : (22, 29)
	0.435 : (22, 36)
 129 : 0.9266532753963374
	0.126 : (20, 30)
	0.381 : (20, 35)
	0.018 : (20, 38)
	0.024 : (22, 31)
	0.429 : (22, 39)
 130 : 0.9278219196623748
	0.021 : (10, 26)
	0.034 : (11, 27)
	0.052 : (12, 26)
	0.106 : (12, 34)
	0.011 : (12, 37)
	0.063 : (13, 27)
	0.105 : (13, 35)
	0.015 : (14, 29)
	0.062 : (14, 32)
	0.018 : (15, 31)
	0.059 : (15, 33)
	0.038 : (16, 32)
	0.062 : (16, 36)
	0.026 : (17, 33)
	0.064 : (17, 39)
	0.095 : (18, 34)
	0.015 : (18, 37)
	0.064 : (19, 35)
	0.016 : (19, 38)
 131 : 0.9305335892375052
	0.044 : (10, 26)
	0.034 : (11, 27)
	0.029 : (12, 26)
	0.012 : (12, 34)
	0.034 : (13, 27)
	0.129 : (14, 32)
	0.127 : (15, 33)
	0.027 : (16, 32)
	0.028 : (16, 36)
	0.015 : (17, 31)
	0.023 : (17, 33)
	0.023 : (17, 39)
	0.020 : (18, 26)
	0.150 : (18, 34)
	0.031 : (18, 37)
	0.022 : (19, 27)
	0.167 : (19, 35)
	0.031 : (19, 38)
 132 : 0.9348285216824099
	0.041 : (20, 29)
	0.476 : (20, 32)
	0.042 : (20, 36)
	0.017 : (22, 28)
	0.411 : (22, 37)
 133 : 0.9349421683237832
	0.045 : (12, 29)
	0.050 : (12, 32)
	0.025 : (12, 36)
	0.031 : (13, 31)
	0.037 : (13, 33)
	0.013 : (13, 39)
	0.013 : (14, 26)
	0.097 : (14, 28)
	0.200 : (14, 34)
	0.015 : (14, 37)
	0.041 : (15, 30)
	0.127 : (15, 35)
	0.051 : (16, 34)
	0.033 : (16, 37)
	0.019 : (17, 35)
	0.035 : (17, 38)
	0.040 : (18, 29)
	0.038 : (18, 32)
	0.010 : (18, 36)
 134 : 0.9408193007084196
	0.064 : (10, 27)
	0.109 : (12, 27)
	0.219 : (12, 35)
	0.021 : (12, 38)
	0.033 : (14, 31)
	0.119 : (14, 33)
	0.065 : (16, 33)
	0.136 : (16, 39)
	0.147 : (18, 35)
	0.032 : (18, 38)
 135 : 0.9436436338057925
	0.868 : (6, 24)
	0.013 : (7, 25)
	0.020 : (9, 23)
	0.026 : (10, 24)
	0.028 : (20, 34)
	0.014 : (22, 36)
 136 : 0.9443448526777679
	0.050 : (20, 31)
	0.512 : (20, 33)
	0.043 : (20, 39)
	0.032 : (22, 30)
	0.353 : (22, 38)
 137 : 0.9469520654792815
	0.152 : (11, 26)
	0.012 : (11, 34)
	0.023 : (13, 26)
	0.089 : (13, 28)
	0.011 : (13, 37)
	0.232 : (15, 29)
	0.041 : (15, 32)
	0.064 : (15, 36)
	0.021 : (17, 32)
	0.088 : (17, 36)
	0.196 : (19, 28)
	0.033 : (19, 37)
 138 : 0.9512873376868051
	0.010 : (10, 31)
	0.090 : (12, 31)
	0.099 : (12, 33)
	0.042 : (12, 39)
	0.131 : (14, 30)
	0.364 : (14, 35)
	0.014 : (14, 38)
	0.011 : (16, 30)
	0.068 : (16, 35)
	0.082 : (16, 38)
	0.029 : (18, 31)
	0.020 : (18, 39)
 139 : 0.9597387062452702
	0.089 : (9, 26)
	0.034 : (11, 29)
	0.049 : (11, 32)
	0.144 : (13, 32)
	0.010 : (13, 36)
	0.043 : (15, 28)
	0.033 : (15, 34)
	0.050 : (15, 37)
	0.022 : (17, 26)
	0.050 : (17, 34)
	0.144 : (17, 37)
	0.184 : (19, 29)
	0.105 : (19, 32)
	0.030 : (19, 36)
 140 : 0.9610421752255155
	0.122 : (10, 26)
	0.018 : (11, 27)
	0.031 : (12, 26)
	0.057 : (12, 28)
	0.012 : (12, 37)
	0.015 : (13, 30)
	0.223 : (14, 29)
	0.025 : (14, 32)
	0.048 : (14, 36)
	0.018 : (15, 31)
	0.047 : (16, 32)
	0.040 : (16, 36)
	0.029 : (17, 39)
	0.171 : (18, 28)
	0.030 : (18, 34)
	0.019 : (18, 37)
	0.025 : (19, 30)
 141 : 0.96370995344137
	0.011 : (12, 29)
	0.039 : (13, 31)
	0.043 : (13, 33)
	0.079 : (14, 26)
	0.032 : (14, 28)
	0.028 : (14, 34)
	0.035 : (14, 37)
	0.054 : (15, 27)
	0.028 : (15, 30)
	0.171 : (15, 35)
	0.034 : (17, 38)
	0.078 : (18, 29)
	0.205 : (18, 32)
	0.068 : (19, 33)
	0.011 : (19, 39)
 142 : 0.9715226754099657
	0.013 : (13, 39)
	0.029 : (14, 26)
	0.122 : (14, 28)
	0.163 : (15, 27)
	0.110 : (15, 30)
	0.036 : (15, 35)
	0.010 : (16, 26)
	0.108 : (16, 34)
	0.034 : (17, 27)
	0.164 : (17, 35)
	0.032 : (18, 29)
	0.110 : (19, 33)
 143 : 0.9743446793741446
	0.019 : (9, 26)
	0.036 : (9, 28)
	0.027 : (11, 29)
	0.012 : (11, 32)
	0.013 : (13, 32)
	0.280 : (15, 26)
	0.028 : (15, 28)
	0.076 : (15, 34)
	0.102 : (17, 26)
	0.122 : (17, 34)
	0.012 : (17, 37)
	0.201 : (19, 32)
	0.031 : (19, 36)
 144 : 0.9758412245668786
	0.211 : (7, 23)
	0.738 : (9, 25)
	0.017 : (11, 23)
	0.010 : (17, 25)
 145 : 0.9782501514220885
	0.032 : (8, 26)
	0.033 : (9, 27)
	0.021 : (10, 32)
	0.026 : (11, 31)
	0.023 : (11, 33)
	0.084 : (12, 32)
	0.032 : (13, 33)
	0.016 : (13, 39)
	0.052 : (14, 34)
	0.087 : (15, 30)
	0.017 : (15, 35)
	0.039 : (15, 38)
	0.017 : (16, 26)
	0.021 : (16, 34)
	0.076 : (16, 37)
	0.011 : (17, 27)
	0.042 : (17, 35)
	0.046 : (17, 38)
	0.033 : (18, 29)
	0.015 : (18, 36)
	0.148 : (19, 31)
	0.062 : (19, 33)
 146 : 0.9804900899331008
	0.010 : (10, 26)
	0.097 : (11, 27)
	0.018 : (11, 30)
	0.071 : (12, 26)
	0.174 : (13, 27)
	0.022 : (13, 30)
	0.013 : (13, 38)
	0.012 : (14, 32)
	0.142 : (15, 31)
	0.029 : (15, 33)
	0.038 : (15, 39)
	0.045 : (16, 32)
	0.091 : (17, 33)
	0.014 : (17, 39)
	0.136 : (19, 30)
	0.011 : (19, 35)
 147 : 0.9829652407282732
	0.133 : (10, 27)
	0.017 : (10, 30)
	0.015 : (10, 35)
	0.039 : (12, 27)
	0.076 : (12, 30)
	0.014 : (12, 38)
	0.239 : (14, 31)
	0.024 : (14, 33)
	0.064 : (14, 39)
	0.021 : (16, 33)
	0.085 : (16, 39)
	0.223 : (18, 30)
	0.027 : (18, 38)
 148 : 0.9866849771405088
	0.013 : (8, 28)
	0.012 : (10, 29)
	0.010 : (11, 31)
	0.023 : (13, 31)
	0.017 : (13, 33)
	0.172 : (14, 26)
	0.040 : (14, 28)
	0.085 : (14, 34)
	0.087 : (15, 27)
	0.061 : (16, 26)
	0.095 : (16, 34)
	0.031 : (17, 27)
	0.013 : (17, 35)
	0.011 : (17, 38)
	0.134 : (18, 32)
	0.029 : (18, 36)
	0.012 : (19, 31)
	0.073 : (19, 33)
	0.012 : (19, 39)
 149 : 0.9911152760554413
	0.010 : (7, 28)
	0.074 : (9, 29)
	0.011 : (11, 28)
	0.041 : (11, 34)
	0.033 : (13, 26)
	0.327 : (13, 28)
	0.121 : (13, 34)
	0.029 : (15, 29)
	0.013 : (15, 32)
	0.042 : (15, 36)
	0.076 : (17, 29)
	0.030 : (17, 32)
	0.031 : (19, 26)
	0.137 : (19, 28)
 150 : 0.9916636756570264
	0.195 : (12, 26)
	0.041 : (12, 28)
	0.207 : (13, 27)
	0.071 : (13, 30)
	0.109 : (14, 29)
	0.035 : (14, 32)
	0.204 : (15, 31)
	0.019 : (15, 33)
	0.014 : (17, 31)
	0.022 : (19, 30)
 151 : 0.9922811007422226
	0.059 : (8, 27)
	0.039 : (10, 31)
	0.046 : (10, 33)
	0.135 : (12, 33)
	0.014 : (12, 39)
	0.012 : (14, 27)
	0.083 : (14, 30)
	0.044 : (14, 38)
	0.036 : (16, 27)
	0.073 : (16, 35)
	0.156 : (16, 38)
	0.192 : (18, 31)
	0.061 : (18, 33)
	0.025 : (18, 39)
 152 : 0.9964678735791335
	0.017 : (8, 30)
	0.026 : (10, 31)
	0.051 : (12, 31)
	0.014 : (12, 33)
	0.280 : (14, 27)
	0.075 : (14, 35)
	0.017 : (14, 38)
	0.094 : (16, 27)
	0.074 : (16, 35)
	0.023 : (18, 31)
	0.250 : (18, 33)
	0.058 : (18, 39)
 153 : 1.0039812406445725
	0.015 : (8, 26)
	0.040 : (9, 27)
	0.032 : (11, 31)
	0.014 : (11, 33)
	0.097 : (12, 32)
	0.074 : (13, 33)
	0.041 : (14, 28)
	0.126 : (14, 34)
	0.035 : (15, 30)
	0.135 : (15, 35)
	0.018 : (15, 38)
	0.057 : (16, 37)
	0.058 : (17, 38)
	0.025 : (18, 29)
	0.027 : (18, 32)
	0.022 : (18, 36)
	0.044 : (19, 31)
	0.059 : (19, 33)
	0.045 : (19, 39)
 154 : 1.0073858089079244
	0.027 : (8, 29)
	0.017 : (9, 31)
	0.017 : (10, 34)
	0.017 : (11, 35)
	0.055 : (12, 26)
	0.233 : (12, 28)
	0.112 : (12, 34)
	0.024 : (13, 27)
	0.092 : (13, 30)
	0.049 : (13, 35)
	0.020 : (14, 29)
	0.025 : (14, 36)
	0.024 : (15, 33)
	0.021 : (15, 39)
	0.046 : (16, 29)
	0.013 : (16, 32)
	0.019 : (17, 31)
	0.020 : (18, 26)
	0.067 : (18, 28)
	0.027 : (19, 27)
	0.026 : (19, 30)
 155 : 1.0083692265834518
	0.036 : (9, 26)
	0.049 : (9, 28)
	0.037 : (11, 32)
	0.433 : (13, 29)
	0.013 : (13, 32)
	0.021 : (13, 36)
	0.075 : (15, 28)
	0.211 : (17, 28)
	0.061 : (19, 29)
	0.022 : (19, 36)
 156 : 1.0100711454088633
	0.010 : (9, 31)
	0.020 : (10, 26)
	0.040 : (11, 27)
	0.118 : (12, 34)
	0.013 : (13, 27)
	0.013 : (13, 30)
	0.187 : (13, 35)
	0.017 : (14, 32)
	0.171 : (16, 32)
	0.026 : (16, 36)
	0.173 : (17, 33)
	0.040 : (17, 39)
	0.014 : (18, 28)
	0.025 : (18, 34)
	0.030 : (19, 30)
 157 : 1.013666515832494
	0.042 : (20, 29)
	0.040 : (20, 32)
	0.823 : (20, 36)
	0.056 : (22, 34)
	0.024 : (22, 37)
 158 : 1.0169377926728542
	0.131 : (6, 23)
	0.382 : (8, 25)
	0.029 : (20, 31)
	0.018 : (20, 33)
	0.366 : (20, 39)
	0.034 : (22, 35)
	0.010 : (22, 38)
 159 : 1.0183066240699246
	0.013 : (7, 28)
	0.021 : (9, 29)
	0.077 : (11, 34)
	0.240 : (13, 26)
	0.047 : (13, 28)
	0.033 : (13, 34)
	0.027 : (15, 29)
	0.056 : (15, 32)
	0.032 : (15, 36)
	0.151 : (17, 32)
	0.106 : (17, 36)
	0.011 : (19, 26)
	0.033 : (19, 28)
	0.116 : (19, 34)
 160 : 1.0207332243059122
	0.090 : (6, 23)
	0.353 : (8, 25)
	0.029 : (20, 31)
	0.025 : (20, 33)
	0.432 : (20, 39)
	0.030 : (22, 35)
	0.017 : (22, 38)
 161 : 1.0213436324225231
	0.024 : (8, 31)
	0.021 : (10, 35)
	0.170 : (12, 27)
	0.259 : (12, 30)
	0.200 : (12, 35)
	0.066 : (14, 33)
	0.044 : (14, 39)
	0.055 : (16, 31)
	0.068 : (18, 27)
	0.040 : (18, 30)
	0.018 : (18, 35)
	0.013 : (18, 38)
 162 : 1.0276796459071431
	0.034 : (20, 26)
	0.017 : (20, 34)
	0.873 : (20, 37)
	0.053 : (22, 32)
 163 : 1.0278341073811177
	0.026 : (8, 26)
	0.028 : (8, 28)
	0.027 : (10, 32)
	0.015 : (11, 33)
	0.420 : (12, 29)
	0.025 : (12, 36)
	0.017 : (13, 31)
	0.060 : (14, 28)
	0.024 : (15, 30)
	0.158 : (16, 28)
	0.018 : (16, 34)
	0.028 : (17, 30)
	0.044 : (18, 29)
	0.022 : (18, 36)
	0.016 : (19, 31)
 164 : 1.0293535567723269
	0.012 : (9, 31)
	0.060 : (10, 34)
	0.012 : (11, 27)
	0.044 : (11, 35)
	0.114 : (12, 26)
	0.100 : (13, 27)
	0.020 : (13, 30)
	0.014 : (13, 35)
	0.044 : (14, 29)
	0.029 : (14, 36)
	0.036 : (15, 33)
	0.018 : (15, 39)
	0.035 : (16, 32)
	0.056 : (16, 36)
	0.108 : (17, 33)
	0.053 : (17, 39)
	0.028 : (18, 28)
	0.026 : (18, 34)
	0.037 : (19, 30)
	0.074 : (19, 35)
 165 : 1.03004186005014
	0.012 : (6, 25)
	0.035 : (20, 27)
	0.013 : (20, 30)
	0.029 : (20, 35)
	0.834 : (20, 38)
	0.058 : (22, 33)
	0.011 : (22, 39)
 166 : 1.033104433892088
	0.021 : (7, 34)
	0.028 : (9, 32)
	0.373 : (11, 26)
	0.051 : (11, 28)
	0.058 : (13, 34)
	0.013 : (13, 37)
	0.242 : (15, 32)
	0.041 : (17, 32)
	0.013 : (17, 36)
	0.054 : (19, 26)
	0.054 : (19, 34)
 167 : 1.0376257012409766
	0.020 : (11, 35)
	0.194 : (12, 28)
	0.020 : (12, 34)
	0.128 : (13, 30)
	0.044 : (13, 35)
	0.049 : (14, 29)
	0.071 : (14, 32)
	0.065 : (15, 31)
	0.083 : (15, 33)
	0.012 : (15, 39)
	0.034 : (16, 29)
	0.067 : (16, 32)
	0.016 : (17, 31)
	0.014 : (17, 33)
	0.071 : (18, 34)
	0.013 : (19, 27)
	0.036 : (19, 35)
 168 : 1.0416352528002768
	0.018 : (9, 27)
	0.045 : (9, 30)
	0.025 : (11, 33)
	0.095 : (12, 29)
	0.442 : (13, 31)
	0.016 : (13, 33)
	0.025 : (13, 39)
	0.011 : (14, 34)
	0.046 : (15, 30)
	0.011 : (15, 35)
	0.133 : (17, 30)
	0.010 : (17, 35)
	0.043 : (19, 31)
	0.029 : (19, 39)
 169 : 1.0420053950853239
	0.052 : (9, 26)
	0.072 : (9, 28)
	0.017 : (9, 34)
	0.232 : (11, 29)
	0.105 : (11, 32)
	0.054 : (13, 29)
	0.022 : (13, 32)
	0.017 : (13, 36)
	0.188 : (15, 28)
	0.065 : (15, 34)
	0.037 : (15, 37)
	0.013 : (19, 29)
	0.057 : (19, 32)
	0.023 : (19, 36)
 170 : 1.0420499658931455
	0.017 : (6, 30)
	0.023 : (8, 31)
	0.015 : (10, 27)
	0.163 : (10, 35)
	0.156 : (12, 27)
	0.068 : (14, 31)
	0.087 : (14, 39)
	0.127 : (16, 33)
	0.120 : (16, 39)
	0.100 : (18, 30)
	0.069 : (18, 35)
 171 : 1.0434342974122317
	0.013 : (7, 35)
	0.088 : (10, 26)
	0.041 : (10, 28)
	0.254 : (11, 27)
	0.025 : (11, 30)
	0.047 : (13, 35)
	0.109 : (14, 32)
	0.151 : (15, 33)
	0.014 : (17, 33)
	0.024 : (18, 26)
	0.029 : (18, 34)
	0.026 : (19, 27)
	0.023 : (19, 30)
	0.039 : (19, 35)
 172 : 1.04510674331485
	0.021 : (7, 26)
	0.022 : (7, 34)
	0.026 : (9, 29)
	0.040 : (9, 32)
	0.054 : (11, 26)
	0.252 : (11, 28)
	0.113 : (11, 34)
	0.035 : (13, 28)
	0.105 : (13, 34)
	0.042 : (15, 29)
	0.030 : (15, 32)
	0.054 : (15, 36)
	0.083 : (17, 29)
	0.053 : (17, 32)
	0.023 : (19, 26)
	0.014 : (19, 28)
	0.017 : (19, 37)
 173 : 1.0525455108628858
	0.041 : (8, 27)
	0.035 : (8, 30)
	0.091 : (10, 33)
	0.279 : (12, 31)
	0.033 : (12, 39)
	0.144 : (14, 30)
	0.021 : (14, 38)
	0.164 : (16, 30)
	0.011 : (16, 35)
	0.023 : (16, 38)
	0.078 : (18, 31)
	0.018 : (18, 33)
	0.038 : (18, 39)
 174 : 1.0541595646138529
	0.019 : (6, 35)
	0.350 : (10, 27)
	0.054 : (10, 30)
	0.014 : (10, 38)
	0.062 : (12, 35)
	0.014 : (12, 38)
	0.268 : (14, 33)
	0.013 : (16, 33)
	0.041 : (18, 27)
	0.037 : (18, 30)
	0.080 : (18, 35)
 175 : 1.055904596015909
	0.033 : (6, 24)
	0.864 : (7, 25)
	0.051 : (9, 23)
	0.027 : (11, 25)
	0.012 : (13, 25)
 176 : 1.0572058695575768
	0.012 : (8, 32)
	0.364 : (10, 26)
	0.010 : (10, 37)
	0.159 : (11, 27)
	0.012 : (11, 35)
	0.020 : (12, 34)
	0.025 : (14, 29)
	0.133 : (14, 32)
	0.019 : (15, 31)
	0.062 : (15, 33)
	0.011 : (15, 39)
	0.019 : (16, 32)
	0.014 : (18, 26)
	0.021 : (18, 34)
	0.014 : (19, 30)
	0.011 : (19, 35)
 177 : 1.0607128412985423
	0.027 : (8, 28)
	0.028 : (9, 27)
	0.038 : (9, 30)
	0.111 : (10, 29)
	0.038 : (10, 32)
	0.111 : (11, 31)
	0.044 : (11, 33)
	0.039 : (12, 29)
	0.014 : (12, 32)
	0.073 : (13, 31)
	0.018 : (13, 33)
	0.060 : (14, 28)
	0.019 : (14, 34)
	0.021 : (14, 37)
	0.093 : (15, 30)
	0.041 : (15, 35)
	0.023 : (15, 38)
	0.010 : (16, 28)
	0.018 : (17, 30)
	0.018 : (18, 32)
	0.024 : (18, 36)
	0.038 : (19, 33)
	0.013 : (19, 39)
 178 : 1.0637401393213448
	0.013 : (8, 29)
	0.020 : (8, 32)
	0.019 : (9, 33)
	0.053 : (10, 26)
	0.117 : (10, 28)
	0.046 : (10, 34)
	0.020 : (11, 27)
	0.052 : (11, 30)
	0.035 : (11, 35)
	0.012 : (12, 26)
	0.060 : (12, 28)
	0.130 : (12, 34)
	0.019 : (13, 30)
	0.032 : (13, 35)
	0.028 : (14, 32)
	0.024 : (14, 36)
	0.020 : (15, 39)
	0.075 : (16, 29)
	0.067 : (16, 32)
	0.036 : (17, 31)
	0.023 : (17, 33)
	0.014 : (18, 26)
 179 : 1.0720434060896447
	0.027 : (7, 28)
	0.071 : (9, 29)
	0.032 : (11, 26)
	0.161 : (11, 28)
	0.010 : (11, 34)
	0.046 : (13, 26)
	0.216 : (13, 28)
	0.098 : (13, 34)
	0.132 : (15, 29)
	0.015 : (15, 32)
	0.048 : (15, 36)
	0.069 : (17, 29)
	0.043 : (19, 37)
 180 : 1.072062027484912
	0.024 : (9, 31)
	0.018 : (9, 33)
	0.022 : (11, 27)
	0.074 : (11, 30)
	0.050 : (12, 26)
	0.092 : (12, 28)
	0.099 : (12, 34)
	0.120 : (13, 30)
	0.107 : (13, 35)
	0.028 : (14, 29)
	0.024 : (14, 32)
	0.037 : (15, 33)
	0.025 : (16, 29)
	0.013 : (16, 32)
	0.049 : (16, 36)
	0.057 : (17, 31)
	0.054 : (17, 33)
	0.030 : (17, 39)
 181 : 1.0729077942918295
	0.013 : (8, 26)
	0.040 : (9, 27)
	0.090 : (10, 29)
	0.072 : (10, 32)
	0.053 : (11, 31)
	0.058 : (11, 33)
	0.019 : (12, 36)
	0.012 : (13, 39)
	0.040 : (14, 28)
	0.091 : (14, 34)
	0.058 : (14, 37)
	0.039 : (15, 30)
	0.059 : (15, 35)
	0.045 : (15, 38)
	0.064 : (16, 37)
	0.034 : (17, 38)
	0.016 : (18, 29)
	0.025 : (18, 32)
	0.061 : (18, 36)
	0.012 : (19, 31)
	0.027 : (19, 33)
	0.022 : (19, 39)
 182 : 1.0736739334453251
	0.825 : (6, 25)
	0.080 : (8, 23)
	0.051 : (10, 25)
	0.011 : (12, 25)
	0.021 : (20, 38)
 183 : 1.0796851156949916
	0.016 : (8, 27)
	0.062 : (8, 30)
	0.011 : (8, 35)
	0.209 : (10, 31)
	0.054 : (10, 33)
	0.196 : (12, 31)
	0.043 : (12, 33)
	0.093 : (14, 30)
	0.051 : (14, 35)
	0.048 : (14, 38)
	0.070 : (16, 30)
	0.042 : (18, 33)
	0.054 : (18, 39)
 184 : 1.0844478719582462
	0.018 : (8, 31)
	0.038 : (8, 33)
	0.054 : (10, 27)
	0.152 : (10, 30)
	0.062 : (10, 35)
	0.152 : (12, 30)
	0.145 : (12, 35)
	0.026 : (14, 33)
	0.032 : (14, 39)
	0.137 : (16, 31)
	0.111 : (16, 33)
	0.017 : (18, 27)
	0.019 : (18, 38)
 185 : 1.0926352949472684
	0.015 : (7, 29)
	0.034 : (7, 32)
	0.261 : (9, 26)
	0.012 : (9, 28)
	0.023 : (9, 34)
	0.016 : (11, 32)
	0.049 : (11, 36)
	0.018 : (13, 32)
	0.013 : (13, 36)
	0.082 : (15, 34)
	0.017 : (17, 34)
	0.090 : (17, 37)
	0.032 : (19, 29)
	0.306 : (19, 36)
 186 : 1.0940062017384486
	0.028 : (8, 29)
	0.015 : (9, 31)
	0.027 : (10, 26)
	0.116 : (10, 28)
	0.025 : (11, 27)
	0.061 : (11, 30)
	0.010 : (12, 26)
	0.043 : (12, 28)
	0.024 : (12, 34)
	0.022 : (13, 27)
	0.203 : (13, 30)
	0.035 : (13, 35)
	0.035 : (14, 29)
	0.025 : (14, 36)
	0.085 : (15, 31)
	0.019 : (15, 39)
	0.010 : (16, 29)
	0.049 : (17, 31)
	0.059 : (18, 37)
	0.064 : (19, 38)
 187 : 1.1034578355311877
	0.012 : (7, 26)
	0.024 : (7, 28)
	0.014 : (7, 37)
	0.041 : (9, 29)
	0.012 : (9, 36)
	0.061 : (11, 26)
	0.018 : (11, 28)
	0.027 : (11, 34)
	0.102 : (13, 37)
	0.018 : (15, 29)
	0.050 : (15, 32)
	0.014 : (15, 36)
	0.111 : (17, 36)
	0.025 : (19, 26)
	0.435 : (19, 37)
 188 : 1.1078201389267428
	0.016 : (7, 33)
	0.069 : (8, 26)
	0.161 : (9, 27)
	0.013 : (9, 35)
	0.013 : (10, 32)
	0.015 : (10, 36)
	0.025 : (11, 39)
	0.012 : (13, 33)
	0.011 : (13, 39)
	0.029 : (14, 34)
	0.051 : (15, 35)
	0.059 : (17, 38)
	0.013 : (18, 29)
	0.135 : (18, 36)
	0.023 : (19, 31)
	0.233 : (19, 39)
 189 : 1.1107955073165074
	0.021 : (8, 31)
	0.074 : (10, 27)
	0.145 : (10, 30)
	0.030 : (12, 27)
	0.182 : (12, 30)
	0.030 : (12, 35)
	0.013 : (12, 38)
	0.087 : (14, 31)
	0.038 : (14, 39)
	0.034 : (16, 31)
	0.308 : (18, 38)
 190 : 1.1117770259241273
	0.013 : (7, 29)
	0.044 : (9, 26)
	0.061 : (9, 28)
	0.013 : (9, 34)
	0.206 : (11, 29)
	0.079 : (11, 32)
	0.132 : (13, 29)
	0.177 : (13, 32)
	0.037 : (15, 28)
	0.066 : (15, 37)
	0.011 : (17, 26)
	0.120 : (19, 36)
 191 : 1.1161156352220458
	0.013 : (6, 28)
	0.018 : (7, 30)
	0.024 : (8, 29)
	0.029 : (9, 31)
	0.015 : (10, 26)
	0.031 : (10, 28)
	0.024 : (11, 27)
	0.033 : (11, 30)
	0.010 : (11, 35)
	0.047 : (12, 37)
	0.061 : (13, 38)
	0.014 : (14, 29)
	0.025 : (14, 32)
	0.023 : (15, 31)
	0.041 : (15, 33)
	0.031 : (16, 36)
	0.054 : (17, 39)
	0.013 : (18, 26)
	0.192 : (18, 37)
	0.014 : (19, 27)
	0.194 : (19, 38)
 192 : 1.1220034996779475
	0.017 : (7, 32)
	0.042 : (9, 26)
	0.044 : (9, 37)
	0.025 : (13, 29)
	0.166 : (13, 32)
	0.023 : (15, 34)
	0.124 : (15, 37)
	0.018 : (17, 26)
	0.362 : (17, 37)
	0.022 : (19, 32)
	0.116 : (19, 36)
 193 : 1.1236206923339436
	0.015 : (6, 31)
	0.016 : (6, 33)
	0.168 : (8, 27)
	0.014 : (8, 35)
	0.037 : (10, 33)
	0.031 : (10, 39)
	0.044 : (12, 33)
	0.022 : (12, 39)
	0.088 : (14, 35)
	0.018 : (14, 38)
	0.042 : (18, 31)
	0.012 : (18, 33)
	0.430 : (18, 39)
 194 : 1.1289660002020265
	0.017 : (8, 26)
	0.035 : (8, 28)
	0.224 : (10, 29)
	0.038 : (10, 32)
	0.024 : (11, 31)
	0.012 : (11, 33)
	0.060 : (12, 29)
	0.258 : (12, 32)
	0.012 : (13, 31)
	0.014 : (13, 33)
	0.035 : (14, 28)
	0.022 : (14, 34)
	0.093 : (14, 37)
	0.015 : (15, 38)
	0.014 : (16, 26)
	0.019 : (16, 37)
	0.042 : (18, 36)
 195 : 1.1313731694721993
	0.011 : (8, 29)
	0.019 : (9, 31)
	0.027 : (10, 26)
	0.111 : (10, 28)
	0.033 : (10, 34)
	0.027 : (11, 27)
	0.073 : (11, 30)
	0.019 : (11, 35)
	0.030 : (12, 37)
	0.023 : (13, 38)
	0.025 : (14, 32)
	0.023 : (14, 36)
	0.022 : (15, 33)
	0.029 : (15, 39)
	0.058 : (16, 36)
	0.080 : (17, 39)
	0.194 : (18, 37)
	0.125 : (19, 38)
 196 : 1.131937602205787
	0.014 : (6, 27)
	0.039 : (6, 30)
	0.075 : (8, 31)
	0.025 : (8, 33)
	0.012 : (10, 27)
	0.189 : (10, 30)
	0.024 : (12, 30)
	0.097 : (12, 38)
	0.075 : (14, 31)
	0.071 : (14, 33)
	0.021 : (16, 33)
	0.053 : (16, 39)
	0.024 : (18, 27)
	0.017 : (18, 35)
	0.234 : (18, 38)
 197 : 1.1327440180210824
	0.347 : (7, 26)
	0.049 : (9, 29)
	0.210 : (9, 32)
	0.035 : (9, 36)
	0.030 : (11, 34)
	0.062 : (11, 37)
	0.072 : (13, 34)
	0.035 : (13, 37)
	0.021 : (15, 29)
	0.028 : (15, 36)
	0.044 : (17, 36)
	0.021 : (19, 34)
 198 : 1.1328741023764177
	0.016 : (8, 28)
	0.087 : (9, 27)
	0.048 : (10, 29)
	0.024 : (11, 33)
	0.023 : (12, 29)
	0.083 : (12, 32)
	0.022 : (12, 36)
	0.043 : (14, 34)
	0.042 : (14, 37)
	0.060 : (16, 37)
	0.086 : (17, 38)
	0.013 : (18, 29)
	0.017 : (18, 32)
	0.330 : (18, 36)
	0.025 : (19, 39)
 199 : 1.135407898824828
	0.022 : (8, 26)
	0.028 : (9, 38)
	0.016 : (10, 32)
	0.030 : (12, 32)
	0.330 : (13, 33)
	0.018 : (14, 34)
	0.063 : (15, 35)
	0.109 : (15, 38)
	0.018 : (16, 37)
	0.017 : (17, 27)
	0.014 : (17, 30)
	0.168 : (17, 38)
	0.010 : (19, 33)
	0.089 : (19, 39)
 200 : 1.140386658536958
	0.012 : (7, 31)
	0.026 : (9, 27)
	0.079 : (9, 30)
	0.030 : (10, 29)
	0.209 : (11, 31)
	0.032 : (11, 33)
	0.024 : (12, 32)
	0.116 : (13, 31)
	0.082 : (13, 33)
	0.011 : (13, 39)
	0.038 : (15, 30)
	0.018 : (16, 37)
	0.027 : (17, 38)
	0.027 : (18, 36)
	0.186 : (19, 39)
 201 : 1.142231148901802
	0.012 : (7, 26)
	0.137 : (9, 32)
	0.044 : (9, 36)
	0.045 : (11, 28)
	0.306 : (11, 34)
	0.053 : (11, 37)
	0.018 : (13, 26)
	0.052 : (13, 34)
	0.016 : (15, 32)
	0.129 : (17, 36)
	0.145 : (19, 37)
 202 : 1.147636205569764
	0.021 : (8, 27)
	0.018 : (8, 30)
	0.026 : (8, 38)
	0.165 : (10, 31)
	0.278 : (12, 33)
	0.043 : (14, 30)
	0.017 : (14, 35)
	0.152 : (14, 38)
	0.015 : (16, 27)
	0.016 : (16, 30)
	0.195 : (16, 38)
 203 : 1.1481878946746824
	0.014 : (6, 26)
	0.045 : (7, 27)
	0.011 : (8, 29)
	0.012 : (8, 32)
	0.025 : (9, 33)
	0.017 : (9, 39)
	0.204 : (10, 28)
	0.011 : (10, 34)
	0.219 : (11, 30)
	0.048 : (11, 35)
	0.028 : (12, 34)
	0.011 : (12, 37)
	0.011 : (13, 30)
	0.082 : (13, 35)
	0.012 : (14, 32)
	0.019 : (15, 39)
	0.013 : (16, 32)
	0.029 : (16, 36)
	0.064 : (17, 39)
	0.020 : (18, 37)
	0.039 : (19, 38)
 204 : 1.1510116343354913
	0.077 : (6, 26)
	0.149 : (7, 27)
	0.031 : (8, 32)
	0.025 : (8, 36)
	0.054 : (9, 31)
	0.049 : (9, 33)
	0.023 : (9, 39)
	0.041 : (10, 28)
	0.043 : (10, 34)
	0.020 : (11, 30)
	0.063 : (11, 35)
	0.016 : (11, 38)
	0.061 : (12, 34)
	0.021 : (13, 35)
	0.023 : (13, 38)
	0.026 : (14, 36)
	0.021 : (15, 31)
	0.090 : (16, 36)
	0.025 : (17, 39)
	0.012 : (19, 35)
	0.052 : (19, 38)
 205 : 1.1534911348500236
	0.014 : (7, 29)
	0.089 : (9, 26)
	0.244 : (9, 34)
	0.025 : (9, 37)
	0.041 : (11, 29)
	0.241 : (11, 32)
	0.067 : (11, 36)
	0.121 : (13, 36)
	0.011 : (15, 34)
	0.019 : (15, 37)
	0.023 : (17, 37)
	0.013 : (19, 32)
	0.060 : (19, 36)
 206 : 1.156894832981897
	0.044 : (6, 33)
	0.162 : (8, 27)
	0.060 : (8, 30)
	0.023 : (8, 38)
	0.136 : (10, 31)
	0.095 : (10, 33)
	0.114 : (12, 31)
	0.029 : (14, 30)
	0.012 : (16, 35)
	0.212 : (16, 38)
	0.086 : (18, 39)
 207 : 1.1610236771930285
	0.032 : (6, 26)
	0.042 : (7, 27)
	0.073 : (8, 32)
	0.019 : (9, 31)
	0.132 : (9, 33)
	0.016 : (9, 39)
	0.071 : (10, 34)
	0.031 : (10, 37)
	0.044 : (11, 30)
	0.177 : (11, 35)
	0.054 : (11, 38)
	0.011 : (13, 27)
	0.022 : (13, 35)
	0.011 : (13, 38)
	0.032 : (16, 36)
	0.064 : (17, 39)
	0.052 : (18, 37)
	0.048 : (19, 38)
 208 : 1.1647274459974648
	0.025 : (6, 32)
	0.202 : (8, 26)
	0.011 : (8, 28)
	0.027 : (8, 37)
	0.116 : (9, 27)
	0.129 : (10, 32)
	0.010 : (12, 29)
	0.014 : (14, 37)
	0.322 : (16, 37)
	0.073 : (17, 38)
 209 : 1.1711465935630705
	0.174 : (6, 27)
	0.041 : (8, 31)
	0.036 : (8, 33)
	0.065 : (8, 39)
	0.248 : (10, 35)
	0.092 : (12, 35)
	0.033 : (14, 31)
	0.024 : (14, 39)
	0.192 : (16, 39)
	0.029 : (18, 38)
 210 : 1.1719930953949556
	0.010 : (6, 29)
	0.010 : (7, 31)
	0.099 : (8, 26)
	0.054 : (8, 34)
	0.027 : (9, 27)
	0.142 : (9, 35)
	0.017 : (9, 38)
	0.041 : (10, 29)
	0.016 : (10, 32)
	0.037 : (10, 36)
	0.011 : (11, 31)
	0.216 : (11, 33)
	0.035 : (11, 39)
	0.024 : (12, 36)
	0.014 : (13, 33)
	0.084 : (13, 39)
	0.024 : (15, 38)
	0.025 : (17, 38)
	0.010 : (19, 33)
	0.048 : (19, 39)
 211 : 1.1821915275104318
	0.191 : (6, 27)
	0.036 : (8, 31)
	0.260 : (8, 33)
	0.039 : (10, 30)
	0.125 : (10, 35)
	0.117 : (10, 38)
	0.011 : (12, 27)
	0.011 : (12, 30)
	0.029 : (12, 38)
	0.011 : (14, 33)
	0.052 : (16, 39)
	0.078 : (18, 38)
 212 : 1.1857273725182917
	0.129 : (7, 29)
	0.036 : (7, 36)
	0.320 : (9, 28)
	0.060 : (9, 34)
	0.144 : (11, 29)
	0.023 : (11, 36)
	0.051 : (13, 32)
	0.014 : (13, 36)
	0.050 : (15, 34)
	0.095 : (15, 37)
	0.025 : (17, 28)
	0.011 : (19, 32)
	0.015 : (19, 36)
 213 : 1.1867017244666465
	0.036 : (8, 34)
	0.017 : (9, 27)
	0.140 : (10, 29)
	0.061 : (10, 32)
	0.172 : (11, 31)
	0.012 : (11, 39)
	0.107 : (12, 32)
	0.056 : (12, 36)
	0.050 : (13, 33)
	0.021 : (14, 34)
	0.100 : (14, 37)
	0.019 : (15, 35)
	0.053 : (15, 38)
	0.010 : (16, 28)
	0.020 : (17, 38)
	0.014 : (18, 32)
	0.029 : (18, 36)
	0.018 : (19, 39)
 214 : 1.1898280823705512
	0.020 : (6, 26)
	0.017 : (6, 28)
	0.037 : (8, 29)
	0.020 : (8, 36)
	0.018 : (9, 31)
	0.010 : (9, 39)
	0.040 : (10, 28)
	0.236 : (10, 34)
	0.049 : (11, 30)
	0.128 : (11, 35)
	0.042 : (12, 34)
	0.015 : (13, 35)
	0.139 : (16, 36)
	0.051 : (17, 39)
	0.078 : (18, 37)
	0.056 : (19, 38)
 215 : 1.1933263703600543
	0.036 : (6, 31)
	0.148 : (8, 27)
	0.016 : (8, 30)
	0.176 : (8, 35)
	0.014 : (8, 38)
	0.052 : (10, 31)
	0.235 : (10, 33)
	0.102 : (10, 39)
	0.103 : (12, 39)
	0.010 : (14, 35)
	0.035 : (16, 38)
	0.022 : (18, 39)
 216 : 1.2049184497348175
	0.029 : (7, 26)
	0.043 : (7, 28)
	0.038 : (7, 34)
	0.015 : (7, 37)
	0.163 : (9, 29)
	0.024 : (9, 32)
	0.037 : (9, 36)
	0.129 : (11, 28)
	0.139 : (11, 34)
	0.029 : (13, 34)
	0.027 : (13, 37)
	0.010 : (15, 29)
	0.027 : (15, 32)
	0.081 : (15, 36)
	0.010 : (17, 32)
	0.126 : (17, 36)
	0.017 : (19, 34)
	0.039 : (19, 37)
 217 : 1.2099875699417522
	0.058 : (6, 29)
	0.011 : (6, 36)
	0.048 : (7, 31)
	0.019 : (7, 39)
	0.124 : (8, 28)
	0.011 : (8, 34)
	0.128 : (9, 30)
	0.060 : (9, 35)
	0.028 : (10, 29)
	0.017 : (10, 36)
	0.073 : (11, 31)
	0.030 : (12, 32)
	0.011 : (12, 36)
	0.038 : (13, 33)
	0.031 : (13, 39)
	0.019 : (14, 34)
	0.064 : (14, 37)
	0.024 : (15, 35)
	0.114 : (15, 38)
	0.012 : (17, 30)
	0.011 : (19, 33)
 218 : 1.215457057002263
	0.019 : (6, 26)
	0.138 : (10, 34)
	0.123 : (11, 35)
	0.035 : (12, 37)
	0.037 : (13, 38)
	0.013 : (15, 33)
	0.089 : (16, 36)
	0.118 : (17, 39)
	0.142 : (18, 37)
	0.164 : (19, 38)
 219 : 1.2228543622159986
	0.028 : (6, 26)
	0.014 : (6, 34)
	0.011 : (7, 30)
	0.019 : (7, 35)
	0.021 : (8, 29)
	0.015 : (8, 36)
	0.064 : (9, 31)
	0.040 : (9, 33)
	0.017 : (9, 39)
	0.026 : (10, 28)
	0.066 : (10, 34)
	0.052 : (11, 30)
	0.067 : (11, 35)
	0.015 : (12, 34)
	0.036 : (12, 37)
	0.030 : (13, 35)
	0.010 : (13, 38)
	0.079 : (14, 36)
	0.108 : (15, 39)
	0.058 : (16, 36)
	0.092 : (17, 39)
	0.013 : (18, 37)
	0.017 : (19, 35)
	0.013 : (19, 38)
 220 : 1.2233762383723599
	0.031 : (6, 29)
	0.152 : (8, 26)
	0.058 : (8, 28)
	0.061 : (8, 34)
	0.154 : (9, 27)
	0.035 : (9, 30)
	0.018 : (10, 29)
	0.152 : (10, 32)
	0.041 : (10, 36)
	0.020 : (11, 31)
	0.137 : (11, 33)
	0.036 : (12, 36)
	0.018 : (16, 37)
	0.013 : (17, 38)
 221 : 1.230907896377245
	0.070 : (6, 31)
	0.020 : (6, 39)
	0.162 : (8, 30)
	0.045 : (8, 35)
	0.060 : (10, 31)
	0.015 : (10, 33)
	0.023 : (10, 39)
	0.093 : (12, 33)
	0.080 : (12, 39)
	0.033 : (14, 35)
	0.303 : (14, 38)
	0.015 : (16, 30)
	0.028 : (16, 38)
	0.028 : (18, 33)
	0.013 : (18, 39)
 222 : 1.231477539580252
	0.015 : (7, 26)
	0.064 : (7, 28)
	0.176 : (9, 29)
	0.048 : (11, 28)
	0.073 : (13, 34)
	0.454 : (15, 36)
	0.088 : (17, 36)
	0.030 : (19, 34)
	0.013 : (19, 37)
 223 : 1.2368063664005076
	0.027 : (7, 29)
	0.014 : (7, 32)
	0.062 : (9, 28)
	0.025 : (9, 34)
	0.022 : (9, 37)
	0.106 : (11, 32)
	0.043 : (13, 32)
	0.054 : (13, 36)
	0.012 : (15, 28)
	0.428 : (15, 37)
	0.136 : (17, 37)
	0.028 : (19, 32)
 224 : 1.2380863077264619
	0.111 : (6, 26)
	0.046 : (7, 27)
	0.044 : (8, 29)
	0.197 : (8, 32)
	0.037 : (9, 31)
	0.098 : (9, 33)
	0.011 : (10, 28)
	0.068 : (10, 34)
	0.051 : (10, 37)
	0.014 : (11, 35)
	0.013 : (11, 38)
	0.031 : (12, 34)
	0.036 : (12, 37)
	0.037 : (13, 38)
	0.131 : (14, 36)
	0.011 : (15, 39)
	0.028 : (16, 36)
	0.011 : (18, 34)
 225 : 1.2394384511020031
	0.024 : (6, 35)
	0.041 : (8, 31)
	0.031 : (8, 33)
	0.026 : (8, 39)
	0.048 : (10, 30)
	0.142 : (10, 35)
	0.014 : (10, 38)
	0.061 : (12, 35)
	0.045 : (12, 38)
	0.013 : (14, 33)
	0.302 : (14, 39)
	0.165 : (16, 39)
	0.031 : (18, 35)
	0.013 : (18, 38)
 226 : 1.2456813407430838
	0.013 : (7, 32)
	0.198 : (9, 26)
	0.161 : (9, 34)
	0.039 : (11, 29)
	0.135 : (11, 32)
	0.011 : (11, 36)
	0.032 : (13, 32)
	0.255 : (13, 36)
	0.030 : (15, 34)
	0.034 : (15, 37)
	0.016 : (17, 26)
	0.034 : (17, 37)
	0.016 : (19, 36)
 227 : 1.2512670418776515
	0.049 : (6, 28)
	0.047 : (7, 30)
	0.114 : (8, 29)
	0.077 : (9, 31)
	0.026 : (10, 28)
	0.041 : (11, 30)
	0.023 : (12, 34)
	0.019 : (12, 37)
	0.034 : (13, 35)
	0.046 : (13, 38)
	0.126 : (14, 36)
	0.014 : (15, 33)
	0.202 : (15, 39)
	0.019 : (16, 36)
	0.027 : (17, 39)
	0.017 : (18, 37)
	0.011 : (19, 35)
	0.021 : (19, 38)
 228 : 1.2516688724273595
	0.015 : (6, 29)
	0.023 : (7, 31)
	0.013 : (7, 33)
	0.011 : (7, 39)
	0.027 : (8, 28)
	0.064 : (9, 30)
	0.098 : (9, 35)
	0.016 : (9, 38)
	0.014 : (10, 32)
	0.036 : (11, 33)
	0.010 : (12, 32)
	0.035 : (13, 33)
	0.100 : (14, 37)
	0.011 : (15, 30)
	0.012 : (15, 35)
	0.279 : (15, 38)
	0.035 : (16, 37)
	0.115 : (17, 38)
	0.017 : (19, 33)
 229 : 1.257553743633699
	0.011 : (6, 26)
	0.037 : (6, 28)
	0.010 : (7, 27)
	0.020 : (7, 30)
	0.100 : (8, 29)
	0.024 : (8, 32)
	0.062 : (9, 31)
	0.014 : (10, 28)
	0.013 : (11, 30)
	0.019 : (12, 34)
	0.021 : (13, 35)
	0.251 : (14, 36)
	0.256 : (15, 39)
	0.016 : (16, 36)
	0.017 : (17, 39)
	0.018 : (18, 37)
	0.021 : (19, 38)
 230 : 1.2591971682000043
	0.028 : (6, 29)
	0.031 : (8, 26)
	0.044 : (8, 28)
	0.015 : (8, 37)
	0.019 : (9, 27)
	0.027 : (9, 35)
	0.028 : (10, 29)
	0.206 : (10, 32)
	0.034 : (12, 36)
	0.037 : (13, 39)
	0.239 : (14, 37)
	0.010 : (15, 35)
	0.101 : (15, 38)
	0.061 : (16, 37)
	0.039 : (17, 38)
 231 : 1.2605603056602328
	0.042 : (7, 26)
	0.031 : (7, 34)
	0.110 : (9, 29)
	0.029 : (11, 28)
	0.033 : (11, 37)
	0.013 : (13, 28)
	0.542 : (13, 37)
	0.027 : (15, 32)
	0.042 : (17, 32)
	0.077 : (19, 37)
 232 : 1.2635845999183983
	0.029 : (7, 31)
	0.056 : (8, 26)
	0.065 : (9, 27)
	0.041 : (9, 30)
	0.065 : (9, 35)
	0.063 : (11, 31)
	0.157 : (11, 33)
	0.014 : (11, 39)
	0.041 : (12, 36)
	0.222 : (13, 39)
	0.013 : (14, 34)
	0.075 : (14, 37)
	0.020 : (15, 38)
	0.032 : (16, 37)
	0.011 : (17, 35)
	0.024 : (19, 39)
 233 : 1.269250943919716
	0.079 : (6, 30)
	0.017 : (6, 35)
	0.016 : (6, 38)
	0.114 : (8, 31)
	0.046 : (10, 30)
	0.051 : (12, 35)
	0.246 : (12, 38)
	0.038 : (14, 33)
	0.220 : (14, 39)
	0.029 : (16, 33)
	0.032 : (16, 39)
	0.011 : (18, 35)
	0.066 : (18, 38)
 234 : 1.2720229834473136
	0.057 : (8, 26)
	0.020 : (8, 34)
	0.014 : (9, 27)
	0.018 : (9, 30)
	0.019 : (9, 35)
	0.012 : (11, 33)
	0.020 : (12, 32)
	0.507 : (12, 36)
	0.090 : (13, 39)
	0.030 : (14, 34)
	0.035 : (14, 37)
	0.026 : (16, 34)
	0.028 : (16, 37)
	0.037 : (18, 36)
 235 : 1.272176569500098
	0.072 : (6, 31)
	0.021 : (6, 33)
	0.020 : (6, 39)
	0.014 : (8, 27)
	0.137 : (8, 30)
	0.103 : (8, 35)
	0.026 : (8, 38)
	0.052 : (10, 33)
	0.029 : (12, 33)
	0.044 : (12, 39)
	0.013 : (14, 30)
	0.037 : (14, 35)
	0.282 : (14, 38)
	0.123 : (16, 38)
	0.013 : (18, 33)
 236 : 1.272427906822175
	0.016 : (7, 29)
	0.011 : (7, 36)
	0.020 : (9, 26)
	0.201 : (9, 34)
	0.104 : (11, 32)
	0.092 : (11, 36)
	0.382 : (13, 36)
	0.010 : (15, 26)
	0.013 : (15, 34)
	0.036 : (15, 37)
	0.042 : (17, 34)
	0.053 : (19, 36)
 237 : 1.2743244260935447
	0.111 : (7, 27)
	0.014 : (7, 30)
	0.216 : (9, 31)
	0.016 : (9, 33)
	0.047 : (11, 30)
	0.029 : (11, 38)
	0.130 : (12, 37)
	0.013 : (13, 30)
	0.283 : (13, 38)
	0.024 : (17, 33)
	0.015 : (18, 37)
	0.024 : (19, 38)
 238 : 1.2811603063600652
	0.034 : (6, 31)
	0.012 : (6, 39)
	0.137 : (8, 27)
	0.084 : (8, 30)
	0.039 : (10, 31)
	0.118 : (10, 33)
	0.015 : (12, 33)
	0.434 : (12, 39)
	0.013 : (14, 35)
	0.012 : (16, 27)
	0.033 : (16, 35)
	0.038 : (18, 39)
 239 : 1.2816951578096651
	0.154 : (6, 26)
	0.024 : (6, 28)
	0.046 : (7, 27)
	0.011 : (7, 30)
	0.235 : (8, 29)
	0.043 : (8, 32)
	0.058 : (9, 31)
	0.021 : (9, 33)
	0.030 : (10, 28)
	0.036 : (10, 37)
	0.224 : (12, 37)
	0.011 : (15, 39)
	0.019 : (16, 32)
	0.016 : (18, 37)
 240 : 1.285410270671721
	0.015 : (8, 26)
	0.030 : (8, 28)
	0.011 : (9, 27)
	0.036 : (9, 30)
	0.231 : (9, 35)
	0.026 : (10, 32)
	0.057 : (11, 33)
	0.101 : (11, 39)
	0.033 : (12, 36)
	0.268 : (13, 39)
	0.011 : (15, 27)
	0.016 : (15, 35)
	0.032 : (15, 38)
	0.026 : (17, 35)
	0.014 : (18, 36)
	0.021 : (19, 39)
 241 : 1.2935912230789621
	0.188 : (7, 26)
	0.218 : (7, 34)
	0.038 : (7, 37)
	0.039 : (9, 29)
	0.174 : (9, 32)
	0.045 : (9, 36)
	0.015 : (11, 26)
	0.049 : (11, 28)
	0.089 : (11, 34)
	0.061 : (13, 37)
	0.043 : (15, 36)
	0.025 : (17, 36)
 242 : 1.2954075854746498
	0.074 : (6, 27)
	0.059 : (6, 30)
	0.316 : (8, 31)
	0.075 : (10, 30)
	0.021 : (10, 38)
	0.011 : (12, 30)
	0.351 : (12, 38)
	0.020 : (14, 39)
	0.017 : (16, 33)
	0.019 : (18, 38)
 243 : 1.298608818153165
	0.018 : (7, 33)
	0.242 : (8, 28)
	0.129 : (8, 34)
	0.239 : (9, 30)
	0.038 : (10, 36)
	0.020 : (11, 33)
	0.055 : (13, 39)
	0.011 : (14, 37)
	0.020 : (16, 37)
	0.012 : (17, 35)
	0.041 : (17, 38)
	0.015 : (18, 36)
	0.049 : (19, 39)
 244 : 1.307492118405473
	0.011 : (6, 31)
	0.017 : (6, 33)
	0.016 : (6, 39)
	0.069 : (8, 27)
	0.361 : (8, 35)
	0.013 : (10, 31)
	0.145 : (10, 33)
	0.124 : (10, 39)
	0.155 : (12, 39)
	0.012 : (14, 27)
	0.011 : (14, 38)
	0.023 : (16, 35)
	0.030 : (18, 39)
 245 : 1.308967045704366
	0.140 : (7, 29)
	0.138 : (7, 32)
	0.081 : (7, 36)
	0.028 : (9, 26)
	0.225 : (9, 28)
	0.021 : (9, 34)
	0.027 : (9, 37)
	0.068 : (11, 29)
	0.214 : (11, 36)
	0.012 : (13, 29)
 246 : 1.310216059870484
	0.018 : (6, 29)
	0.020 : (6, 32)
	0.015 : (6, 36)
	0.055 : (8, 26)
	0.378 : (8, 34)
	0.035 : (9, 30)
	0.080 : (9, 35)
	0.052 : (10, 32)
	0.095 : (10, 36)
	0.071 : (12, 36)
	0.025 : (13, 39)
	0.019 : (16, 34)
	0.018 : (16, 37)
	0.031 : (18, 36)
	0.015 : (19, 39)
 247 : 1.3122320791681017
	0.019 : (6, 26)
	0.055 : (6, 34)
	0.178 : (7, 27)
	0.151 : (7, 35)
	0.032 : (7, 38)
	0.037 : (8, 32)
	0.012 : (8, 36)
	0.027 : (9, 31)
	0.172 : (9, 33)
	0.035 : (9, 39)
	0.013 : (10, 28)
	0.018 : (10, 34)
	0.046 : (11, 30)
	0.062 : (11, 35)
	0.032 : (13, 38)
	0.039 : (15, 39)
	0.020 : (17, 39)
 248 : 1.330919720126225
	0.019 : (6, 29)
	0.051 : (6, 32)
	0.033 : (6, 36)
	0.076 : (7, 31)
	0.079 : (7, 33)
	0.042 : (7, 39)
	0.016 : (8, 26)
	0.162 : (8, 28)
	0.012 : (8, 34)
	0.025 : (9, 27)
	0.060 : (9, 30)
	0.010 : (9, 35)
	0.020 : (9, 38)
	0.037 : (10, 29)
	0.111 : (10, 36)
	0.036 : (11, 31)
	0.142 : (11, 39)
 249 : 1.3340564567756488
	0.094 : (6, 26)
	0.165 : (6, 34)
	0.016 : (6, 37)
	0.032 : (7, 27)
	0.078 : (8, 29)
	0.107 : (8, 32)
	0.040 : (8, 36)
	0.023 : (9, 31)
	0.029 : (9, 33)
	0.022 : (10, 28)
	0.155 : (12, 37)
	0.078 : (13, 38)
	0.059 : (14, 36)
	0.026 : (15, 39)
	0.027 : (16, 36)
 250 : 1.336623711541143
	0.144 : (6, 27)
	0.278 : (6, 35)
	0.046 : (6, 38)
	0.023 : (8, 31)
	0.208 : (8, 33)
	0.070 : (8, 39)
	0.068 : (10, 30)
	0.060 : (10, 35)
	0.023 : (12, 38)
	0.036 : (14, 39)
	0.022 : (16, 39)
 251 : 1.337505716345616
	0.116 : (7, 26)
	0.258 : (7, 28)
	0.195 : (7, 34)
	0.016 : (7, 37)
	0.033 : (9, 29)
	0.159 : (9, 32)
	0.030 : (9, 36)
	0.042 : (11, 26)
	0.014 : (11, 28)
	0.025 : (11, 34)
	0.081 : (13, 37)
 252 : 1.3478886582720204
	0.020 : (6, 34)
	0.162 : (7, 27)
	0.124 : (7, 30)
	0.174 : (7, 35)
	0.010 : (7, 38)
	0.044 : (9, 31)
	0.139 : (9, 33)
	0.026 : (9, 39)
	0.035 : (11, 27)
	0.025 : (11, 35)
	0.011 : (12, 37)
	0.161 : (13, 38)
	0.011 : (15, 39)
 253 : 1.3510109992276709
	0.050 : (6, 31)
	0.127 : (6, 33)
	0.073 : (6, 39)
	0.057 : (8, 27)
	0.203 : (8, 30)
	0.028 : (8, 35)
	0.028 : (8, 38)
	0.087 : (10, 31)
	0.299 : (10, 39)
 254 : 1.3751308687249824
	0.177 : (6, 26)
	0.189 : (6, 28)
	0.064 : (6, 34)
	0.026 : (6, 37)
	0.018 : (7, 35)
	0.051 : (8, 29)
	0.235 : (8, 32)
	0.036 : (10, 26)
	0.037 : (10, 34)
	0.011 : (11, 38)
	0.090 : (12, 37)
	0.011 : (13, 38)
 255 : 1.38151084715411
	0.100 : (6, 29)
	0.066 : (6, 32)
	0.041 : (6, 36)
	0.107 : (7, 31)
	0.065 : (7, 33)
	0.021 : (7, 39)
	0.014 : (8, 26)
	0.053 : (8, 34)
	0.020 : (8, 37)
	0.011 : (9, 27)
	0.023 : (9, 35)
	0.025 : (9, 38)
	0.025 : (10, 29)
	0.230 : (10, 36)
	0.012 : (11, 31)
	0.121 : (11, 39)
 256 : 1.384205369103049
	0.168 : (6, 27)
	0.166 : (6, 30)
	0.246 : (6, 35)
	0.016 : (6, 38)
	0.044 : (8, 31)
	0.167 : (8, 33)
	0.041 : (8, 39)
	0.048 : (10, 27)
	0.017 : (10, 35)
	0.016 : (10, 38)
	0.042 : (12, 38)
 257 : 1.3842362664976349
	0.109 : (7, 26)
	0.012 : (7, 34)
	0.026 : (7, 37)
	0.031 : (9, 32)
	0.761 : (11, 37)
	0.018 : (15, 32)
 258 : 1.3914503627995332
	0.188 : (7, 29)
	0.137 : (7, 32)
	0.012 : (9, 28)
	0.085 : (9, 34)
	0.039 : (9, 37)
	0.018 : (11, 32)
	0.441 : (11, 36)
	0.011 : (13, 36)
	0.016 : (15, 34)
 259 : 1.3953630043073342
	0.055 : (6, 26)
	0.058 : (7, 27)
	0.020 : (7, 38)
	0.028 : (9, 33)
	0.194 : (10, 37)
	0.556 : (11, 38)
	0.012 : (15, 33)
 260 : 1.405551211620356
	0.070 : (6, 26)
	0.015 : (6, 37)
	0.012 : (7, 27)
	0.011 : (7, 30)
	0.019 : (8, 32)
	0.576 : (10, 37)
	0.231 : (11, 38)
	0.011 : (14, 32)
 261 : 1.4070389136394439
	0.045 : (6, 29)
	0.041 : (6, 32)
	0.122 : (7, 31)
	0.132 : (7, 33)
	0.022 : (8, 34)
	0.013 : (8, 37)
	0.064 : (9, 35)
	0.045 : (9, 38)
	0.053 : (10, 36)
	0.013 : (11, 33)
	0.348 : (11, 39)
	0.010 : (15, 35)
 262 : 1.4073081454477256
	0.133 : (6, 27)
	0.028 : (6, 38)
	0.028 : (8, 33)
	0.743 : (10, 38)
	0.017 : (14, 33)
 263 : 1.4112251878848887
	0.043 : (7, 26)
	0.474 : (7, 28)
	0.129 : (7, 34)
	0.020 : (7, 37)
	0.099 : (9, 29)
	0.046 : (9, 32)
	0.133 : (9, 36)
	0.013 : (11, 34)
	0.012 : (15, 36)
 264 : 1.4220642261370176
	0.275 : (6, 29)
	0.105 : (6, 32)
	0.069 : (7, 31)
	0.024 : (7, 33)
	0.031 : (8, 28)
	0.044 : (8, 34)
	0.020 : (8, 37)
	0.281 : (10, 36)
	0.087 : (11, 39)
 265 : 1.4255713056686212
	0.195 : (6, 31)
	0.211 : (6, 33)
	0.025 : (8, 27)
	0.014 : (8, 30)
	0.091 : (8, 35)
	0.071 : (8, 38)
	0.017 : (10, 33)
	0.307 : (10, 39)
	0.012 : (14, 35)
	0.010 : (16, 38)
 266 : 1.4256586100285171
	0.362 : (7, 29)
	0.279 : (7, 32)
	0.012 : (7, 36)
	0.031 : (9, 26)
	0.047 : (9, 28)
	0.017 : (9, 34)
	0.192 : (9, 37)
	0.014 : (11, 32)
	0.018 : (11, 36)
	0.012 : (17, 37)
 267 : 1.438185722579113
	0.234 : (6, 28)
	0.027 : (6, 34)
	0.456 : (7, 30)
	0.011 : (7, 38)
	0.019 : (8, 32)
	0.022 : (9, 31)
	0.033 : (9, 33)
	0.029 : (12, 37)
	0.025 : (13, 38)
	0.023 : (14, 36)
	0.031 : (15, 39)
	0.010 : (17, 39)
 268 : 1.4411305337807383
	0.028 : (6, 26)
	0.306 : (6, 28)
	0.012 : (6, 37)
	0.189 : (7, 30)
	0.106 : (7, 35)
	0.055 : (8, 29)
	0.030 : (8, 32)
	0.030 : (8, 36)
	0.058 : (9, 31)
	0.020 : (9, 33)
	0.079 : (9, 39)
	0.014 : (13, 38)
	0.014 : (14, 36)
 269 : 1.4530990451542352
	0.062 : (6, 29)
	0.030 : (6, 32)
	0.358 : (7, 31)
	0.204 : (7, 33)
	0.011 : (7, 39)
	0.013 : (8, 28)
	0.022 : (8, 37)
	0.058 : (9, 30)
	0.156 : (9, 38)
	0.017 : (11, 39)
 270 : 1.4664190940004085
	0.017 : (6, 26)
	0.037 : (6, 28)
	0.358 : (6, 34)
	0.205 : (7, 35)
	0.056 : (8, 29)
	0.020 : (8, 32)
	0.101 : (8, 36)
	0.019 : (9, 31)
	0.038 : (9, 39)
	0.031 : (12, 37)
	0.030 : (13, 38)
	0.012 : (15, 39)
 271 : 1.46800527690256
	0.249 : (6, 29)
	0.320 : (6, 32)
	0.041 : (7, 31)
	0.063 : (7, 33)
	0.027 : (8, 26)
	0.039 : (8, 28)
	0.032 : (8, 34)
	0.151 : (8, 37)
	0.030 : (9, 38)
 272 : 1.4737161678230657
	0.019 : (6, 27)
	0.552 : (6, 30)
	0.079 : (6, 35)
	0.024 : (6, 38)
	0.140 : (8, 31)
	0.059 : (8, 33)
	0.094 : (8, 39)
 273 : 1.48555820618785
	0.434 : (6, 31)
	0.223 : (6, 33)
	0.015 : (6, 39)
	0.016 : (8, 27)
	0.103 : (8, 30)
	0.013 : (8, 35)
	0.150 : (8, 38)
	0.021 : (10, 39)
 274 : 1.517133486225945
	0.030 : (7, 28)
	0.265 : (7, 34)
	0.031 : (7, 37)
	0.011 : (9, 29)
	0.602 : (9, 36)
	0.024 : (11, 34)
	0.011 : (13, 34)
 275 : 1.5283833269850782
	0.015 : (7, 29)
	0.292 : (7, 32)
	0.049 : (7, 36)
	0.011 : (9, 28)
	0.578 : (9, 37)
	0.018 : (11, 32)
 276 : 1.5324432965254637
	0.013 : (6, 34)
	0.028 : (7, 30)
	0.211 : (7, 35)
	0.028 : (7, 38)
	0.645 : (9, 39)
	0.024 : (11, 35)
 277 : 1.5409315841579196
	0.302 : (7, 33)
	0.036 : (7, 39)
	0.016 : (9, 30)
	0.584 : (9, 38)
	0.015 : (11, 33)
 278 : 1.5669748095419365
	0.022 : (6, 28)
	0.193 : (6, 34)
	0.033 : (6, 37)
	0.676 : (8, 36)
	0.019 : (9, 39)
	0.020 : (10, 34)
 279 : 1.5733461303707659
	0.024 : (6, 30)
	0.235 : (6, 35)
	0.042 : (6, 38)
	0.629 : (8, 39)
	0.020 : (10, 35)
 280 : 1.5756587913254478
	0.242 : (6, 32)
	0.052 : (6, 36)
	0.632 : (8, 37)
	0.014 : (10, 32)
 281 : 1.5826351411039652
	0.278 : (6, 33)
	0.057 : (6, 39)
	0.017 : (8, 30)
	0.592 : (8, 38)
	0.015 : (10, 33)
 282 : 1.5892428176083486
	0.034 : (7, 29)
	0.034 : (7, 32)
	0.759 : (7, 36)
	0.083 : (9, 34)
	0.033 : (9, 37)
	0.031 : (11, 36)
 283 : 1.600569975555236
	0.029 : (7, 26)
	0.024 : (7, 34)
	0.800 : (7, 37)
	0.071 : (9, 32)
	0.019 : (9, 36)
	0.023 : (11, 37)
	0.018 : (13, 37)
 284 : 1.6078192545209207
	0.060 : (6, 36)
	0.028 : (7, 31)
	0.023 : (7, 33)
	0.711 : (7, 39)
	0.015 : (8, 34)
	0.014 : (8, 37)
	0.062 : (9, 35)
	0.020 : (9, 38)
	0.024 : (11, 39)
 285 : 1.6174259940599227
	0.085 : (6, 37)
	0.019 : (7, 27)
	0.017 : (7, 35)
	0.721 : (7, 38)
	0.013 : (8, 32)
	0.054 : (9, 33)
	0.016 : (9, 39)
	0.017 : (11, 38)
 286 : 1.6384807678252344
	0.032 : (6, 31)
	0.032 : (6, 33)
	0.747 : (6, 39)
	0.094 : (8, 35)
	0.040 : (8, 38)
	0.033 : (10, 39)
 287 : 1.6386723163194632
	0.016 : (6, 29)
	0.023 : (6, 32)
	0.733 : (6, 36)
	0.095 : (7, 39)
	0.060 : (8, 34)
	0.026 : (8, 37)
	0.020 : (10, 36)
 288 : 1.6464146028685422
	0.022 : (6, 27)
	0.012 : (6, 30)
	0.033 : (6, 35)
	0.778 : (6, 38)
	0.079 : (8, 33)
	0.027 : (8, 39)
	0.023 : (10, 38)
	0.015 : (12, 38)
 289 : 1.6528189040105632
	0.015 : (6, 26)
	0.744 : (6, 37)
	0.114 : (7, 38)
	0.053 : (8, 32)
	0.021 : (8, 36)
	0.018 : (10, 37)
 290 : 10.558694661962607
	0.236 : (2, 25)
	0.764 : (3, 23)
 291 : 10.558740778347328
	0.764 : (2, 23)
	0.236 : (3, 25)
 292 : 10.564800697660589
	0.231 : (4, 25)
	0.768 : (5, 23)
 293 : 10.564928294411077
	0.768 : (4, 23)
	0.231 : (5, 25)
 294 : 10.701574428343598
	1.000 : (1, 24)
 295 : 10.714317145700003
	0.987 : (0, 24)
	0.013 : (1, 25)
 296 : 10.824582315899844
	1.000 : (0, 25)
 297 : 10.840640826000328
	0.013 : (0, 24)
	0.987 : (1, 25)
 298 : 10.852616642552954
	1.000 : (4, 24)
 299 : 10.852618960072501
	1.000 : (5, 24)
 300 : 10.871220982997073
	0.998 : (3, 24)
 301 : 10.871251974523457
	0.999 : (2, 24)
 302 : 10.891821236181947
	1.000 : (0, 23)
 303 : 10.89182133410287
	1.000 : (1, 23)
 304 : 10.999070227636567
	0.125 : (4, 26)
	0.379 : (4, 28)
	0.025 : (4, 34)
	0.333 : (5, 29)
	0.132 : (5, 32)
 305 : 10.99907516204166
	0.333 : (4, 29)
	0.132 : (4, 32)
	0.125 : (5, 26)
	0.379 : (5, 28)
	0.025 : (5, 34)
 306 : 11.007865380896714
	0.134 : (4, 29)
	0.256 : (4, 32)
	0.067 : (4, 36)
	0.323 : (5, 26)
	0.058 : (5, 28)
	0.078 : (5, 34)
	0.085 : (5, 37)
 307 : 11.007865949404396
	0.323 : (4, 26)
	0.058 : (4, 28)
	0.078 : (4, 34)
	0.085 : (4, 37)
	0.134 : (5, 29)
	0.256 : (5, 32)
	0.067 : (5, 36)
 308 : 11.016982293568146
	0.070 : (2, 29)
	0.175 : (2, 32)
	0.179 : (3, 26)
	0.111 : (3, 28)
	0.024 : (3, 37)
	0.027 : (4, 31)
	0.163 : (4, 33)
	0.120 : (5, 27)
	0.097 : (5, 30)
	0.023 : (5, 38)
 309 : 11.016991940771739
	0.179 : (2, 26)
	0.111 : (2, 28)
	0.024 : (2, 37)
	0.070 : (3, 29)
	0.175 : (3, 32)
	0.121 : (4, 27)
	0.097 : (4, 30)
	0.023 : (4, 38)
	0.027 : (5, 31)
	0.163 : (5, 33)
 310 : 11.0195448718453
	0.197 : (2, 29)
	0.029 : (2, 32)
	0.030 : (2, 36)
	0.049 : (3, 26)
	0.144 : (3, 28)
	0.059 : (3, 34)
	0.022 : (3, 37)
	0.162 : (4, 31)
	0.030 : (4, 33)
	0.029 : (4, 39)
	0.087 : (5, 27)
	0.081 : (5, 30)
	0.057 : (5, 35)
	0.023 : (5, 38)
 311 : 11.019548842715825
	0.049 : (2, 26)
	0.144 : (2, 28)
	0.059 : (2, 34)
	0.022 : (2, 37)
	0.197 : (3, 29)
	0.029 : (3, 32)
	0.030 : (3, 36)
	0.087 : (4, 27)
	0.081 : (4, 30)
	0.057 : (4, 35)
	0.023 : (4, 38)
	0.162 : (5, 31)
	0.030 : (5, 33)
	0.029 : (5, 39)
 312 : 11.026172387787968
	0.640 : (1, 26)
	0.087 : (1, 28)
	0.092 : (1, 34)
	0.181 : (1, 37)
 313 : 11.026608602704956
	0.327 : (0, 26)
	0.046 : (0, 28)
	0.049 : (0, 34)
	0.091 : (0, 37)
	0.342 : (1, 27)
	0.018 : (1, 30)
	0.047 : (1, 35)
	0.079 : (1, 38)
 314 : 11.02703085361098
	0.699 : (0, 27)
	0.039 : (0, 30)
	0.101 : (0, 35)
	0.160 : (0, 38)
 315 : 11.02939918437817
	0.052 : (2, 31)
	0.337 : (2, 33)
	0.055 : (2, 39)
	0.408 : (3, 27)
	0.053 : (3, 35)
	0.094 : (3, 38)
 316 : 11.02940849085932
	0.408 : (2, 27)
	0.052 : (2, 35)
	0.094 : (2, 38)
	0.052 : (3, 31)
	0.337 : (3, 33)
	0.055 : (3, 39)
 317 : 11.037957171848403
	0.379 : (2, 31)
	0.082 : (2, 33)
	0.017 : (2, 39)
	0.430 : (3, 30)
	0.087 : (3, 35)
 318 : 11.03795763132775
	0.430 : (2, 30)
	0.087 : (2, 35)
	0.379 : (3, 31)
	0.082 : (3, 33)
	0.017 : (3, 39)
 319 : 11.059941708230927
	0.209 : (2, 26)
	0.029 : (2, 34)
	0.040 : (2, 37)
	0.033 : (3, 29)
	0.158 : (3, 32)
	0.028 : (3, 36)
	0.208 : (4, 27)
	0.028 : (4, 35)
	0.042 : (4, 38)
	0.040 : (5, 31)
	0.151 : (5, 33)
	0.024 : (5, 39)
 320 : 11.06018793130966
	0.033 : (2, 29)
	0.156 : (2, 32)
	0.028 : (2, 36)
	0.208 : (3, 26)
	0.029 : (3, 34)
	0.040 : (3, 37)
	0.040 : (4, 31)
	0.150 : (4, 33)
	0.024 : (4, 39)
	0.207 : (5, 27)
	0.028 : (5, 35)
	0.041 : (5, 38)
 321 : 11.0716522936523
	0.366 : (0, 26)
	0.015 : (0, 28)
	0.108 : (0, 37)
	0.375 : (1, 27)
	0.012 : (1, 30)
	0.029 : (1, 35)
	0.081 : (1, 38)
 322 : 11.084731754731312
	0.035 : (4, 29)
	0.141 : (4, 32)
	0.217 : (4, 36)
	0.028 : (5, 26)
	0.029 : (5, 28)
	0.431 : (5, 34)
	0.119 : (5, 37)
 323 : 11.084732163991335
	0.028 : (4, 26)
	0.029 : (4, 28)
	0.431 : (4, 34)
	0.119 : (4, 37)
	0.035 : (5, 29)
	0.141 : (5, 32)
	0.217 : (5, 36)
 324 : 11.08712458539702
	0.021 : (2, 26)
	0.151 : (2, 28)
	0.145 : (3, 29)
	0.016 : (3, 32)
	0.152 : (4, 30)
	0.179 : (4, 35)
	0.026 : (4, 38)
	0.113 : (5, 31)
	0.128 : (5, 33)
	0.059 : (5, 39)
 325 : 11.087348280948207
	0.146 : (2, 29)
	0.015 : (2, 32)
	0.021 : (3, 26)
	0.151 : (3, 28)
	0.111 : (4, 31)
	0.129 : (4, 33)
	0.059 : (4, 39)
	0.151 : (5, 30)
	0.179 : (5, 35)
	0.026 : (5, 38)
 326 : 11.097909924589656
	0.075 : (1, 26)
	0.263 : (1, 28)
	0.532 : (1, 34)
	0.129 : (1, 37)
 327 : 11.100095704224557
	0.298 : (2, 34)
	0.074 : (2, 37)
	0.112 : (3, 32)
	0.139 : (3, 36)
	0.013 : (4, 27)
	0.076 : (4, 30)
	0.094 : (4, 35)
	0.035 : (4, 38)
	0.075 : (5, 31)
	0.013 : (5, 33)
	0.059 : (5, 39)
 328 : 11.100123126005782
	0.113 : (2, 32)
	0.139 : (2, 36)
	0.298 : (3, 34)
	0.074 : (3, 37)
	0.076 : (4, 31)
	0.012 : (4, 33)
	0.058 : (4, 39)
	0.013 : (5, 27)
	0.078 : (5, 30)
	0.092 : (5, 35)
	0.035 : (5, 38)
 329 : 11.108197354462966
	0.769 : (4, 25)
	0.231 : (5, 23)
 330 : 11.108201209755777
	0.231 : (4, 23)
	0.769 : (5, 25)
 331 : 11.108709398204649
	0.027 : (0, 26)
	0.179 : (0, 28)
	0.347 : (0, 34)
	0.066 : (0, 37)
	0.033 : (1, 27)
	0.081 : (1, 30)
	0.192 : (1, 35)
	0.074 : (1, 38)
 332 : 11.113117302217375
	0.387 : (1, 29)
	0.117 : (1, 32)
	0.496 : (1, 36)
 333 : 11.113630061402493
	0.076 : (2, 31)
	0.103 : (2, 33)
	0.212 : (2, 39)
	0.022 : (3, 27)
	0.065 : (3, 30)
	0.400 : (3, 35)
	0.122 : (3, 38)
 334 : 11.113651382002974
	0.022 : (2, 27)
	0.065 : (2, 30)
	0.400 : (2, 35)
	0.122 : (2, 38)
	0.076 : (3, 31)
	0.103 : (3, 33)
	0.212 : (3, 39)
 335 : 11.118824960674873
	0.236 : (2, 23)
	0.764 : (3, 25)
 336 : 11.118871195810094
	0.764 : (2, 25)
	0.236 : (3, 23)
 337 : 11.122068833596806
	0.285 : (0, 29)
	0.086 : (0, 32)
	0.354 : (0, 36)
	0.097 : (1, 31)
	0.030 : (1, 33)
	0.147 : (1, 39)
 338 : 11.122257869035167
	0.043 : (0, 27)
	0.239 : (0, 30)
	0.558 : (0, 35)
	0.160 : (0, 38)
 339 : 11.13666885356792
	0.363 : (0, 31)
	0.111 : (0, 33)
	0.525 : (0, 39)
 340 : 11.164389266647001
	0.025 : (2, 26)
	0.052 : (2, 28)
	0.141 : (2, 34)
	0.041 : (2, 37)
	0.054 : (3, 29)
	0.035 : (3, 32)
	0.071 : (3, 36)
	0.019 : (4, 27)
	0.090 : (4, 30)
	0.185 : (4, 35)
	0.058 : (4, 38)
	0.091 : (5, 31)
	0.034 : (5, 33)
	0.097 : (5, 39)
 341 : 11.164680767533268
	0.054 : (2, 29)
	0.036 : (2, 32)
	0.072 : (2, 36)
	0.025 : (3, 26)
	0.052 : (3, 28)
	0.143 : (3, 34)
	0.041 : (3, 37)
	0.091 : (4, 31)
	0.035 : (4, 33)
	0.098 : (4, 39)
	0.019 : (5, 27)
	0.089 : (5, 30)
	0.187 : (5, 35)
	0.059 : (5, 38)
 342 : 11.174721569604882
	0.118 : (0, 29)
	0.035 : (0, 32)
	0.120 : (0, 36)
	0.280 : (1, 31)
	0.085 : (1, 33)
	0.355 : (1, 39)
 343 : 11.196798906202263
	0.010 : (0, 26)
	0.127 : (0, 28)
	0.207 : (0, 34)
	0.024 : (0, 37)
	0.179 : (1, 30)
	0.382 : (1, 35)
	0.065 : (1, 38)
 344 : 11.423996260680221
	0.414 : (4, 26)
	0.195 : (4, 28)
	0.133 : (4, 34)
	0.050 : (4, 37)
	0.056 : (5, 29)
	0.138 : (5, 32)
	0.013 : (5, 36)
 345 : 11.423996501002717
	0.056 : (4, 29)
	0.138 : (4, 32)
	0.013 : (4, 36)
	0.414 : (5, 26)
	0.195 : (5, 28)
	0.133 : (5, 34)
	0.050 : (5, 37)
 346 : 11.428426158338226
	0.496 : (4, 27)
	0.094 : (4, 30)
	0.136 : (4, 35)
	0.054 : (4, 38)
	0.051 : (5, 31)
	0.136 : (5, 33)
	0.015 : (5, 39)
 347 : 11.42843068355767
	0.051 : (4, 31)
	0.136 : (4, 33)
	0.015 : (4, 39)
	0.496 : (5, 27)
	0.094 : (5, 30)
	0.135 : (5, 35)
	0.054 : (5, 38)
 348 : 11.436257570440587
	0.060 : (2, 29)
	0.140 : (2, 32)
	0.012 : (2, 36)
	0.389 : (3, 26)
	0.198 : (3, 28)
	0.133 : (3, 34)
	0.048 : (3, 37)
 349 : 11.436297463030577
	0.390 : (2, 26)
	0.198 : (2, 28)
	0.133 : (2, 34)
	0.048 : (2, 37)
	0.060 : (3, 29)
	0.140 : (3, 32)
	0.012 : (3, 36)
 350 : 11.438563143883497
	0.049 : (2, 31)
	0.134 : (2, 33)
	0.016 : (2, 39)
	0.518 : (3, 27)
	0.092 : (3, 30)
	0.135 : (3, 35)
	0.056 : (3, 38)
 351 : 11.438615341836261
	0.518 : (2, 27)
	0.092 : (2, 30)
	0.135 : (2, 35)
	0.056 : (2, 38)
	0.049 : (3, 31)
	0.134 : (3, 33)
	0.016 : (3, 39)
 352 : 11.463890274238635
	0.642 : (1, 28)
	0.354 : (1, 34)
 353 : 11.464557051993822
	0.625 : (0, 28)
	0.370 : (0, 34)
 354 : 11.484899304774466
	0.678 : (0, 30)
	0.315 : (0, 35)
 355 : 11.4852530562357
	0.089 : (4, 26)
	0.312 : (4, 28)
	0.018 : (4, 34)
	0.059 : (4, 37)
	0.427 : (5, 29)
	0.047 : (5, 32)
	0.048 : (5, 36)
 356 : 11.485255790245786
	0.427 : (4, 29)
	0.047 : (4, 32)
	0.048 : (4, 36)
	0.089 : (5, 26)
	0.312 : (5, 28)
	0.018 : (5, 34)
	0.059 : (5, 37)
 357 : 11.485314053435815
	0.668 : (1, 30)
	0.325 : (1, 35)
 358 : 11.489735597612531
	0.267 : (1, 29)
	0.731 : (1, 32)
 359 : 11.489780639148016
	0.260 : (0, 29)
	0.738 : (0, 32)
 360 : 11.497125195286724
	0.090 : (2, 26)
	0.306 : (2, 28)
	0.021 : (2, 34)
	0.060 : (2, 37)
	0.422 : (3, 29)
	0.052 : (3, 32)
	0.048 : (3, 36)
 361 : 11.497133449846782
	0.422 : (2, 29)
	0.052 : (2, 32)
	0.048 : (2, 36)
	0.090 : (3, 26)
	0.305 : (3, 28)
	0.021 : (3, 34)
	0.060 : (3, 37)
 362 : 11.50902110123831
	0.184 : (0, 31)
	0.813 : (0, 33)
 363 : 11.509023970540618
	0.186 : (1, 31)
	0.811 : (1, 33)
 364 : 11.518247957707379
	0.030 : (4, 27)
	0.374 : (4, 30)
	0.013 : (4, 35)
	0.060 : (4, 38)
	0.422 : (5, 31)
	0.057 : (5, 33)
	0.042 : (5, 39)
 365 : 11.518251702016718
	0.422 : (4, 31)
	0.057 : (4, 33)
	0.042 : (4, 39)
	0.030 : (5, 27)
	0.374 : (5, 30)
	0.013 : (5, 35)
	0.060 : (5, 38)
 366 : 11.527091967448282
	0.281 : (1, 26)
	0.022 : (1, 34)
	0.689 : (1, 37)
 367 : 11.528839750739733
	0.030 : (2, 27)
	0.378 : (2, 30)
	0.011 : (2, 35)
	0.060 : (2, 38)
	0.425 : (3, 31)
	0.053 : (3, 33)
	0.043 : (3, 39)
 368 : 11.528844304430363
	0.425 : (2, 31)
	0.053 : (2, 33)
	0.043 : (2, 39)
	0.030 : (3, 27)
	0.378 : (3, 30)
	0.011 : (3, 35)
	0.060 : (3, 38)
 369 : 11.53011452929918
	0.235 : (0, 26)
	0.017 : (0, 34)
	0.611 : (0, 37)
	0.036 : (1, 27)
	0.082 : (1, 38)
 370 : 11.53167581087748
	0.346 : (1, 29)
	0.151 : (1, 32)
	0.503 : (1, 36)
 371 : 11.533954395088337
	0.322 : (0, 29)
	0.136 : (0, 32)
	0.496 : (0, 36)
	0.024 : (1, 31)
	0.018 : (1, 39)
 372 : 11.537861456700426
	0.254 : (0, 27)
	0.044 : (0, 30)
	0.027 : (0, 35)
	0.675 : (0, 38)
 373 : 11.544020768045884
	0.453 : (0, 31)
	0.076 : (0, 33)
	0.471 : (0, 39)
 374 : 11.544420732419225
	0.028 : (0, 26)
	0.098 : (0, 37)
	0.203 : (1, 27)
	0.033 : (1, 30)
	0.020 : (1, 35)
	0.614 : (1, 38)
 375 : 11.547323438630146
	0.013 : (0, 29)
	0.028 : (0, 36)
	0.410 : (1, 31)
	0.070 : (1, 33)
	0.474 : (1, 39)
 376 : 11.634279190299242
	0.022 : (4, 28)
	0.177 : (4, 34)
	0.237 : (4, 37)
	0.123 : (5, 32)
	0.433 : (5, 36)
 377 : 11.634279418176147
	0.123 : (4, 32)
	0.433 : (4, 36)
	0.022 : (5, 28)
	0.177 : (5, 34)
	0.237 : (5, 37)
 378 : 11.6452617781738
	0.075 : (2, 34)
	0.100 : (2, 37)
	0.052 : (3, 32)
	0.182 : (3, 36)
	0.014 : (4, 30)
	0.093 : (4, 35)
	0.151 : (4, 38)
	0.079 : (5, 33)
	0.240 : (5, 39)
 379 : 11.645266913769289
	0.052 : (2, 32)
	0.181 : (2, 36)
	0.074 : (3, 34)
	0.099 : (3, 37)
	0.079 : (4, 33)
	0.241 : (4, 39)
	0.014 : (5, 30)
	0.093 : (5, 35)
	0.151 : (5, 38)
 380 : 11.647333361136997
	0.012 : (2, 28)
	0.096 : (2, 34)
	0.142 : (2, 37)
	0.067 : (3, 32)
	0.256 : (3, 36)
	0.062 : (4, 35)
	0.115 : (4, 38)
	0.055 : (5, 33)
	0.178 : (5, 39)
 381 : 11.647350720399425
	0.068 : (2, 32)
	0.257 : (2, 36)
	0.012 : (3, 28)
	0.097 : (3, 34)
	0.143 : (3, 37)
	0.054 : (4, 33)
	0.177 : (4, 39)
	0.062 : (5, 35)
	0.115 : (5, 38)
 382 : 11.656270093811752
	0.023 : (2, 30)
	0.162 : (2, 35)
	0.260 : (2, 38)
	0.137 : (3, 33)
	0.414 : (3, 39)
 383 : 11.656280121404942
	0.137 : (2, 33)
	0.413 : (2, 39)
	0.023 : (3, 30)
	0.161 : (3, 35)
	0.260 : (3, 38)
 384 : 11.669674260480681
	0.020 : (4, 26)
	0.138 : (4, 34)
	0.443 : (4, 37)
	0.164 : (5, 32)
	0.221 : (5, 36)
 385 : 11.669675008585573
	0.164 : (4, 32)
	0.221 : (4, 36)
	0.020 : (5, 26)
	0.138 : (5, 34)
	0.443 : (5, 37)
 386 : 11.67992592129253
	0.041 : (2, 32)
	0.053 : (2, 36)
	0.034 : (3, 34)
	0.109 : (3, 37)
	0.010 : (4, 31)
	0.116 : (4, 33)
	0.187 : (4, 39)
	0.012 : (5, 27)
	0.114 : (5, 35)
	0.308 : (5, 38)
 387 : 11.679928875073225
	0.034 : (2, 34)
	0.107 : (2, 37)
	0.041 : (3, 32)
	0.052 : (3, 36)
	0.012 : (4, 27)
	0.115 : (4, 35)
	0.309 : (4, 38)
	0.010 : (5, 31)
	0.116 : (5, 33)
	0.188 : (5, 39)
 388 : 11.68266818383662
	0.119 : (2, 32)
	0.174 : (2, 36)
	0.014 : (3, 26)
	0.100 : (3, 34)
	0.338 : (3, 37)
	0.036 : (4, 33)
	0.064 : (4, 39)
	0.035 : (5, 35)
	0.103 : (5, 38)
 389 : 11.682668668897255
	0.014 : (2, 26)
	0.101 : (2, 34)
	0.340 : (2, 37)
	0.119 : (3, 32)
	0.175 : (3, 36)
	0.035 : (4, 35)
	0.101 : (4, 38)
	0.035 : (5, 33)
	0.063 : (5, 39)
 390 : 11.690555635562509
	0.014 : (2, 31)
	0.155 : (2, 33)
	0.245 : (2, 39)
	0.017 : (3, 27)
	0.153 : (3, 35)
	0.407 : (3, 38)
 391 : 11.690569948812332
	0.017 : (2, 27)
	0.153 : (2, 35)
	0.408 : (2, 38)
	0.014 : (3, 31)
	0.155 : (3, 33)
	0.244 : (3, 39)
