scf energy for <class 'compChem.Hartree_Fock_modes.uhf.UHFMolecule'>: -74.94207989868099
 1 : 0.2872554419395288
	0.500 : (8, 10)
	0.500 : (9, 11)
 2 : 0.28725544193952884
	0.047 : (8, 11)
	0.953 : (9, 10)
 3 : 0.287255441939529
	0.953 : (8, 11)
	0.047 : (9, 10)
 4 : 0.3444249202295748
	0.051 : (4, 12)
	0.051 : (5, 13)
	0.444 : (6, 10)
	0.444 : (7, 11)
 5 : 0.3444249202295755
	0.074 : (4, 13)
	0.028 : (5, 12)
	0.643 : (6, 11)
	0.245 : (7, 10)
 6 : 0.3444249202295769
	0.028 : (4, 13)
	0.074 : (5, 12)
	0.245 : (6, 11)
	0.643 : (7, 10)
 7 : 0.35646169692240215
	0.500 : (8, 10)
	0.500 : (9, 11)
 8 : 0.36598892717546117
	0.882 : (8, 13)
	0.118 : (9, 12)
 9 : 0.3659889271754614
	0.118 : (8, 13)
	0.882 : (9, 12)
 10 : 0.36598892717546183
	0.500 : (8, 12)
	0.500 : (9, 13)
 11 : 0.3945137153795496
	0.176 : (4, 10)
	0.052 : (5, 10)
	0.176 : (5, 11)
	0.256 : (6, 12)
	0.075 : (7, 12)
	0.256 : (7, 13)
 12 : 0.39451371537955
	0.027 : (4, 10)
	0.017 : (4, 11)
	0.335 : (5, 10)
	0.027 : (5, 11)
	0.039 : (6, 12)
	0.025 : (6, 13)
	0.487 : (7, 12)
	0.039 : (7, 13)
 13 : 0.39451371537955104
	0.387 : (4, 11)
	0.020 : (5, 10)
	0.562 : (6, 13)
	0.029 : (7, 12)
 14 : 0.4160716715228424
	0.500 : (8, 12)
	0.500 : (9, 13)
 15 : 0.5056282302543743
	0.059 : (4, 12)
	0.059 : (5, 13)
	0.439 : (6, 10)
	0.439 : (7, 11)
 16 : 0.5142899238774615
	0.010 : (3, 12)
	0.120 : (4, 11)
	0.448 : (5, 10)
	0.085 : (6, 13)
	0.316 : (7, 12)
 17 : 0.5142899238774632
	0.046 : (4, 10)
	0.360 : (4, 11)
	0.127 : (5, 10)
	0.046 : (5, 11)
	0.032 : (6, 12)
	0.254 : (6, 13)
	0.089 : (7, 12)
	0.032 : (7, 13)
 18 : 0.5142899238774635
	0.238 : (4, 10)
	0.099 : (4, 11)
	0.238 : (5, 11)
	0.168 : (6, 12)
	0.069 : (6, 13)
	0.168 : (7, 13)
 19 : 0.5551918093711777
	0.153 : (4, 10)
	0.153 : (5, 11)
	0.347 : (6, 12)
	0.347 : (7, 13)
 20 : 0.5630556749285938
	0.438 : (4, 12)
	0.438 : (5, 13)
	0.054 : (6, 10)
	0.054 : (7, 11)
 21 : 0.5630556749285955
	0.013 : (3, 10)
	0.120 : (4, 13)
	0.756 : (5, 12)
	0.015 : (6, 11)
	0.094 : (7, 10)
 22 : 0.5630556749285962
	0.013 : (2, 11)
	0.756 : (4, 13)
	0.120 : (5, 12)
	0.094 : (6, 11)
	0.015 : (7, 10)
 23 : 0.6553183725230567
	0.347 : (4, 10)
	0.347 : (5, 11)
	0.152 : (6, 12)
	0.152 : (7, 13)
 24 : 0.9101216154842111
	0.018 : (2, 10)
	0.018 : (3, 11)
	0.428 : (4, 12)
	0.428 : (5, 13)
	0.054 : (6, 10)
	0.054 : (7, 11)
 25 : 1.1087708830340648
	0.488 : (2, 10)
	0.488 : (3, 11)
	0.011 : (4, 12)
	0.011 : (5, 13)
 26 : 1.108770883034068
	0.018 : (2, 11)
	0.957 : (3, 10)
	0.022 : (5, 12)
 27 : 1.1087708830340768
	0.957 : (2, 11)
	0.018 : (3, 10)
	0.022 : (4, 13)
 28 : 1.2000960373213243
	0.283 : (2, 12)
	0.047 : (2, 13)
	0.371 : (3, 12)
	0.283 : (3, 13)
 29 : 1.2000960373213252
	0.190 : (2, 12)
	0.602 : (3, 12)
	0.190 : (3, 13)
 30 : 1.2000960373213263
	0.019 : (2, 12)
	0.935 : (2, 13)
	0.011 : (3, 12)
	0.019 : (3, 13)
	0.014 : (4, 11)
 31 : 1.3007851088179172
	0.480 : (2, 10)
	0.480 : (3, 11)
	0.012 : (4, 12)
	0.012 : (5, 13)
 32 : 1.3257619770854887
	0.499 : (2, 12)
	0.499 : (3, 13)
 33 : 19.958526372147578
	0.499 : (0, 10)
	0.499 : (1, 11)
 34 : 19.9585263721476
	0.923 : (0, 11)
	0.075 : (1, 10)
 35 : 19.95852637214761
	0.075 : (0, 11)
	0.925 : (1, 10)
 36 : 20.01097937499689
	0.500 : (0, 10)
	0.500 : (1, 11)
 37 : 20.01134204099086
	0.472 : (0, 13)
	0.528 : (1, 12)
 38 : 20.011342040990893
	0.074 : (0, 12)
	0.447 : (0, 13)
	0.404 : (1, 12)
	0.074 : (1, 13)
 39 : 20.01134204099091
	0.426 : (0, 12)
	0.081 : (0, 13)
	0.068 : (1, 12)
	0.426 : (1, 13)
 40 : 20.05053189402212
	0.500 : (0, 12)
	0.500 : (1, 13)
