scf energy for <class 'compChem.Hartree_Fock_modes.uhf.UHFMolecule'>: -74.94207989868093
 1 : 0.28725544193953256
	0.701 : (8, 11)
	0.299 : (9, 10)
 2 : 0.2872554419395327
	0.500 : (8, 10)
	0.500 : (9, 11)
 3 : 0.2872554419395327
	0.299 : (8, 11)
	0.701 : (9, 10)
 4 : 0.3444249202295557
	0.050 : (4, 13)
	0.052 : (5, 12)
	0.432 : (6, 11)
	0.456 : (7, 10)
 5 : 0.3444249202295575
	0.051 : (4, 12)
	0.051 : (5, 13)
	0.444 : (6, 10)
	0.444 : (7, 11)
 6 : 0.34442492022955884
	0.052 : (4, 13)
	0.050 : (5, 12)
	0.456 : (6, 11)
	0.432 : (7, 10)
 7 : 0.3564616969224078
	0.500 : (8, 10)
	0.500 : (9, 11)
 8 : 0.3659889271754597
	1.000 : (8, 13)
 9 : 0.3659889271754597
	1.000 : (9, 12)
 10 : 0.3659889271754607
	0.500 : (8, 12)
	0.500 : (9, 13)
 11 : 0.39451371537953805
	0.095 : (4, 10)
	0.156 : (4, 11)
	0.060 : (5, 10)
	0.095 : (5, 11)
	0.139 : (6, 12)
	0.227 : (6, 13)
	0.087 : (7, 12)
	0.139 : (7, 13)
 12 : 0.3945137153795386
	0.021 : (4, 10)
	0.019 : (4, 11)
	0.346 : (5, 10)
	0.021 : (5, 11)
	0.031 : (6, 12)
	0.027 : (6, 13)
	0.503 : (7, 12)
	0.031 : (7, 13)
 13 : 0.39451371537954094
	0.087 : (4, 10)
	0.232 : (4, 11)
	0.087 : (5, 11)
	0.126 : (6, 12)
	0.337 : (6, 13)
	0.126 : (7, 13)
 14 : 0.41607167152283653
	0.500 : (8, 12)
	0.500 : (9, 13)
 15 : 0.50562823025437
	0.059 : (4, 12)
	0.059 : (5, 13)
	0.439 : (6, 10)
	0.439 : (7, 11)
 16 : 0.5142899238774676
	0.271 : (4, 10)
	0.023 : (4, 11)
	0.015 : (5, 10)
	0.271 : (5, 11)
	0.191 : (6, 12)
	0.016 : (6, 13)
	0.010 : (7, 12)
	0.191 : (7, 13)
 17 : 0.5142899238774682
	0.012 : (3, 12)
	0.026 : (4, 11)
	0.545 : (5, 10)
	0.019 : (6, 13)
	0.384 : (7, 12)
 18 : 0.51428992387747
	0.012 : (2, 13)
	0.015 : (4, 10)
	0.530 : (4, 11)
	0.019 : (5, 10)
	0.015 : (5, 11)
	0.011 : (6, 12)
	0.373 : (6, 13)
	0.014 : (7, 12)
	0.011 : (7, 13)
 19 : 0.5551918093711676
	0.153 : (4, 10)
	0.153 : (5, 11)
	0.347 : (6, 12)
	0.347 : (7, 13)
 20 : 0.5630556749285877
	0.438 : (4, 12)
	0.438 : (5, 13)
	0.054 : (6, 10)
	0.054 : (7, 11)
 21 : 0.5630556749285881
	0.012 : (2, 11)
	0.668 : (4, 13)
	0.208 : (5, 12)
	0.083 : (6, 11)
	0.026 : (7, 10)
 22 : 0.5630556749285915
	0.012 : (3, 10)
	0.208 : (4, 13)
	0.668 : (5, 12)
	0.026 : (6, 11)
	0.083 : (7, 10)
 23 : 0.6553183725230576
	0.347 : (4, 10)
	0.347 : (5, 11)
	0.152 : (6, 12)
	0.152 : (7, 13)
 24 : 0.9101216154842195
	0.018 : (2, 10)
	0.018 : (3, 11)
	0.428 : (4, 12)
	0.428 : (5, 13)
	0.054 : (6, 10)
	0.054 : (7, 11)
 25 : 1.1087708830340695
	0.488 : (2, 10)
	0.488 : (3, 11)
	0.011 : (4, 12)
	0.011 : (5, 13)
 26 : 1.1087708830340703
	0.172 : (2, 11)
	0.804 : (3, 10)
	0.018 : (5, 12)
 27 : 1.1087708830340732
	0.804 : (2, 11)
	0.172 : (3, 10)
	0.018 : (4, 13)
 28 : 1.200096037321315
	0.035 : (2, 12)
	0.831 : (2, 13)
	0.082 : (3, 12)
	0.035 : (3, 13)
	0.012 : (4, 11)
 29 : 1.200096037321317
	0.169 : (2, 12)
	0.153 : (2, 13)
	0.493 : (3, 12)
	0.169 : (3, 13)
 30 : 1.2000960373213176
	0.287 : (2, 12)
	0.409 : (3, 12)
	0.287 : (3, 13)
 31 : 1.3007851088179243
	0.480 : (2, 10)
	0.480 : (3, 11)
	0.012 : (4, 12)
	0.012 : (5, 13)
 32 : 1.3257619770854743
	0.499 : (2, 12)
	0.499 : (3, 13)
 33 : 19.958526372147567
	0.500 : (0, 10)
	0.500 : (1, 11)
 34 : 19.95852637214758
	0.999 : (1, 10)
 35 : 19.958526372147603
	0.999 : (0, 11)
 36 : 20.010979374996875
	0.500 : (0, 10)
	0.500 : (1, 11)
 37 : 20.011342040990897
	0.685 : (0, 13)
	0.315 : (1, 12)
 38 : 20.01134204099091
	0.022 : (0, 12)
	0.301 : (0, 13)
	0.656 : (1, 12)
	0.022 : (1, 13)
 39 : 20.011342040990932
	0.478 : (0, 12)
	0.014 : (0, 13)
	0.029 : (1, 12)
	0.478 : (1, 13)
 40 : 20.05053189402214
	0.500 : (0, 12)
	0.500 : (1, 13)
