scf energy for <class 'compChem.Hartree_Fock_modes.cuhf.CUHFMolecule'>: -74.94207989868096
 1 : 0.2872554419395315
	1.000 : (8, 10)
 2 : 0.28725544193953223
	0.025 : (8, 11)
	0.025 : (9, 10)
	0.950 : (9, 11)
 3 : 0.2872554419395323
	0.475 : (8, 11)
	0.475 : (9, 10)
	0.050 : (9, 11)
 4 : 0.3444249202295546
	0.051 : (4, 12)
	0.051 : (5, 13)
	0.444 : (6, 10)
	0.444 : (7, 11)
 5 : 0.34442492022955606
	0.102 : (5, 12)
	0.888 : (6, 11)
 6 : 0.3444249202295568
	0.102 : (4, 13)
	0.888 : (7, 10)
 7 : 0.3564616969224056
	0.500 : (8, 11)
	0.500 : (9, 10)
 8 : 0.36598892717546444
	0.066 : (8, 12)
	0.868 : (9, 12)
	0.066 : (9, 13)
 9 : 0.36598892717546455
	0.434 : (8, 12)
	0.132 : (9, 12)
	0.434 : (9, 13)
 10 : 0.3659889271754646
	1.000 : (8, 13)
 11 : 0.39451371537953867
	0.151 : (4, 11)
	0.151 : (5, 10)
	0.105 : (5, 11)
	0.153 : (6, 12)
	0.219 : (6, 13)
	0.219 : (7, 12)
 12 : 0.39451371537953966
	0.052 : (4, 11)
	0.052 : (5, 10)
	0.301 : (5, 11)
	0.438 : (6, 12)
	0.076 : (6, 13)
	0.076 : (7, 12)
 13 : 0.39451371537954016
	0.406 : (4, 10)
	0.591 : (7, 13)
 14 : 0.4160716715228403
	0.500 : (8, 12)
	0.500 : (9, 13)
 15 : 0.5056282302543712
	0.059 : (4, 12)
	0.059 : (5, 13)
	0.439 : (6, 10)
	0.439 : (7, 11)
 16 : 0.5142899238774684
	0.163 : (4, 11)
	0.163 : (5, 10)
	0.253 : (5, 11)
	0.178 : (6, 12)
	0.115 : (6, 13)
	0.115 : (7, 12)
 17 : 0.5142899238774696
	0.127 : (4, 11)
	0.127 : (5, 10)
	0.326 : (5, 11)
	0.230 : (6, 12)
	0.089 : (6, 13)
	0.089 : (7, 12)
 18 : 0.514289923877473
	0.013 : (2, 13)
	0.579 : (4, 10)
	0.408 : (7, 13)
 19 : 0.5551918093711674
	0.153 : (4, 11)
	0.153 : (5, 10)
	0.347 : (6, 13)
	0.347 : (7, 12)
 20 : 0.5630556749285903
	0.385 : (4, 12)
	0.106 : (5, 12)
	0.385 : (5, 13)
	0.048 : (6, 10)
	0.013 : (6, 11)
	0.048 : (7, 11)
 21 : 0.5630556749285907
	0.013 : (3, 11)
	0.053 : (4, 12)
	0.770 : (5, 12)
	0.053 : (5, 13)
	0.096 : (6, 11)
 22 : 0.5630556749285907
	0.015 : (2, 10)
	0.876 : (4, 13)
	0.109 : (7, 10)
 23 : 0.6553183725230587
	0.347 : (4, 11)
	0.347 : (5, 10)
	0.152 : (6, 13)
	0.152 : (7, 12)
 24 : 0.9101216154842211
	0.018 : (2, 11)
	0.018 : (3, 10)
	0.428 : (4, 12)
	0.428 : (5, 13)
	0.054 : (6, 10)
	0.054 : (7, 11)
 25 : 1.1087708830340683
	0.052 : (2, 11)
	0.052 : (3, 10)
	0.871 : (3, 11)
	0.020 : (5, 12)
 26 : 1.1087708830340708
	0.436 : (2, 11)
	0.436 : (3, 10)
	0.104 : (3, 11)
 27 : 1.1087708830340708
	0.975 : (2, 10)
	0.022 : (4, 13)
 28 : 1.200096037321318
	0.984 : (2, 13)
	0.015 : (4, 10)
 29 : 1.2000960373213192
	0.490 : (2, 12)
	0.490 : (3, 13)
 30 : 1.2000960373213245
	0.981 : (3, 12)
	0.015 : (5, 11)
 31 : 1.300785108817923
	0.480 : (2, 11)
	0.480 : (3, 10)
	0.012 : (4, 12)
	0.012 : (5, 13)
 32 : 1.3257619770854792
	0.499 : (2, 12)
	0.499 : (3, 13)
 33 : 19.958526372147563
	0.500 : (0, 11)
	0.500 : (1, 10)
 34 : 19.958526372147578
	1.000 : (0, 10)
 35 : 19.958526372147595
	1.000 : (1, 11)
 36 : 20.010979374996925
	0.500 : (0, 11)
	0.500 : (1, 10)
 37 : 20.01134204099094
	0.102 : (0, 12)
	0.795 : (1, 12)
	0.102 : (1, 13)
 38 : 20.011342040990954
	1.000 : (0, 13)
 39 : 20.01134204099096
	0.398 : (0, 12)
	0.205 : (1, 12)
	0.398 : (1, 13)
 40 : 20.050531894022175
	0.500 : (0, 12)
	0.500 : (1, 13)
