scf energy for <class 'compChem.Hartree_Fock_modes.uhf.UHFMolecule'>: -74.94207989868093
 1 : 0.28725544193952673
	0.500 : (8, 10)
	0.500 : (9, 11)
 2 : 0.2872554419395273
	0.194 : (8, 11)
	0.806 : (9, 10)
 3 : 0.28725544193952746
	0.806 : (8, 11)
	0.194 : (9, 10)
 4 : 0.34442492022957055
	0.051 : (4, 12)
	0.051 : (5, 13)
	0.444 : (6, 10)
	0.444 : (7, 11)
 5 : 0.34442492022957105
	0.077 : (4, 13)
	0.025 : (5, 12)
	0.668 : (6, 11)
	0.220 : (7, 10)
 6 : 0.34442492022957183
	0.025 : (4, 13)
	0.077 : (5, 12)
	0.220 : (6, 11)
	0.668 : (7, 10)
 7 : 0.35646169692239954
	0.500 : (8, 10)
	0.500 : (9, 11)
 8 : 0.3659889271754591
	0.500 : (8, 12)
	0.500 : (9, 13)
 9 : 0.36598892717545983
	0.012 : (8, 13)
	0.988 : (9, 12)
 10 : 0.36598892717546005
	0.988 : (8, 13)
	0.012 : (9, 12)
 11 : 0.39451371537954755
	0.203 : (4, 10)
	0.203 : (5, 11)
	0.295 : (6, 12)
	0.295 : (7, 13)
 12 : 0.39451371537954866
	0.010 : (4, 11)
	0.396 : (5, 10)
	0.015 : (6, 13)
	0.576 : (7, 12)
 13 : 0.3945137153795494
	0.396 : (4, 11)
	0.010 : (5, 10)
	0.576 : (6, 13)
	0.015 : (7, 12)
 14 : 0.41607167152283875
	0.500 : (8, 12)
	0.500 : (9, 13)
 15 : 0.5056282302543751
	0.059 : (4, 12)
	0.059 : (5, 13)
	0.439 : (6, 10)
	0.439 : (7, 11)
 16 : 0.5142899238774644
	0.240 : (4, 10)
	0.099 : (5, 10)
	0.240 : (5, 11)
	0.169 : (6, 12)
	0.070 : (7, 12)
	0.169 : (7, 13)
 17 : 0.5142899238774647
	0.011 : (3, 12)
	0.048 : (4, 10)
	0.016 : (4, 11)
	0.468 : (5, 10)
	0.048 : (5, 11)
	0.033 : (6, 12)
	0.011 : (6, 13)
	0.330 : (7, 12)
	0.033 : (7, 13)
 18 : 0.5142899238774659
	0.013 : (2, 13)
	0.563 : (4, 11)
	0.012 : (5, 10)
	0.396 : (6, 13)
 19 : 0.5551918093711727
	0.153 : (4, 10)
	0.153 : (5, 11)
	0.347 : (6, 12)
	0.347 : (7, 13)
 20 : 0.5630556749285959
	0.015 : (3, 10)
	0.010 : (4, 13)
	0.866 : (5, 12)
	0.107 : (7, 10)
 21 : 0.5630556749285962
	0.438 : (4, 12)
	0.438 : (5, 13)
	0.054 : (6, 10)
	0.054 : (7, 11)
 22 : 0.5630556749285971
	0.015 : (2, 11)
	0.866 : (4, 13)
	0.010 : (5, 12)
	0.107 : (6, 11)
 23 : 0.655318372523056
	0.347 : (4, 10)
	0.347 : (5, 11)
	0.152 : (6, 12)
	0.152 : (7, 13)
 24 : 0.9101216154842136
	0.018 : (2, 10)
	0.018 : (3, 11)
	0.428 : (4, 12)
	0.428 : (5, 13)
	0.054 : (6, 10)
	0.054 : (7, 11)
 25 : 1.1087708830340681
	0.974 : (2, 11)
	0.022 : (4, 13)
 26 : 1.1087708830340688
	0.488 : (2, 10)
	0.488 : (3, 11)
	0.011 : (4, 12)
	0.011 : (5, 13)
 27 : 1.1087708830340708
	0.974 : (3, 10)
	0.022 : (5, 12)
 28 : 1.2000960373213243
	0.199 : (2, 12)
	0.562 : (2, 13)
	0.023 : (3, 12)
	0.199 : (3, 13)
 29 : 1.200096037321326
	0.103 : (2, 12)
	0.043 : (2, 13)
	0.734 : (3, 12)
	0.103 : (3, 13)
	0.011 : (5, 10)
 30 : 1.2000960373213279
	0.190 : (2, 12)
	0.378 : (2, 13)
	0.227 : (3, 12)
	0.190 : (3, 13)
 31 : 1.3007851088179176
	0.480 : (2, 10)
	0.480 : (3, 11)
	0.012 : (4, 12)
	0.012 : (5, 13)
 32 : 1.3257619770854907
	0.499 : (2, 12)
	0.499 : (3, 13)
 33 : 19.958526372147563
	0.221 : (0, 11)
	0.776 : (1, 10)
 34 : 19.95852637214757
	0.022 : (0, 10)
	0.736 : (0, 11)
	0.221 : (1, 10)
	0.022 : (1, 11)
 35 : 19.958526372147574
	0.477 : (0, 10)
	0.043 : (0, 11)
	0.477 : (1, 11)
 36 : 20.010979374996882
	0.500 : (0, 10)
	0.500 : (1, 11)
 37 : 20.011342040990886
	0.986 : (0, 13)
 38 : 20.011342040990893
	0.992 : (1, 12)
 39 : 20.01134204099092
	0.491 : (0, 12)
	0.011 : (0, 13)
	0.491 : (1, 13)
 40 : 20.050531894022146
	0.500 : (0, 12)
	0.500 : (1, 13)
