scf energy for <class 'compChem.Hartree_Fock_modes.rhf.RHFMolecule'>: -1.350243437625501
 1 : -0.3761803368956733
	0.989 : (2, 3)
 2 : -0.08054246743049998
	0.028 : (0, 3)
	0.957 : (2, 5)
	0.011 : (2, 9)
 3 : -0.049537179728361025
	0.015 : (1, 3)
	0.975 : (2, 4)
 4 : 0.10310438973058789
	0.938 : (0, 3)
	0.024 : (0, 11)
	0.031 : (2, 5)
 5 : 0.1817815382256711
	0.949 : (1, 3)
	0.016 : (2, 4)
	0.016 : (2, 6)
 6 : 0.2442223333096969
	0.984 : (2, 7)
 7 : 0.2792182517256614
	0.013 : (1, 3)
	0.977 : (2, 6)
 8 : 0.34269282525630107
	0.913 : (0, 5)
	0.059 : (0, 9)
	0.021 : (2, 11)
 9 : 0.34479226444835565
	0.453 : (0, 4)
	0.028 : (0, 8)
	0.481 : (1, 5)
	0.030 : (1, 9)
 10 : 0.3477307254263349
	0.943 : (1, 4)
	0.056 : (1, 8)
 11 : 0.5054575661489773
	0.025 : (0, 5)
	0.070 : (0, 7)
	0.896 : (2, 11)
 12 : 0.5082846835550465
	0.511 : (0, 4)
	0.444 : (1, 5)
	0.041 : (2, 10)
 13 : 0.5326430005819849
	0.010 : (2, 5)
	0.971 : (2, 9)
 14 : 0.5499198549415549
	0.981 : (2, 8)
 15 : 0.5768650478743247
	0.011 : (0, 6)
	0.042 : (1, 5)
	0.092 : (1, 7)
	0.842 : (2, 10)
 16 : 0.6821101503291795
	0.994 : (1, 6)
 17 : 0.6911310456711925
	0.528 : (0, 6)
	0.384 : (1, 7)
	0.076 : (2, 10)
 18 : 0.6940444008158595
	0.922 : (0, 7)
	0.063 : (2, 11)
 19 : 0.8293327568753321
	0.458 : (0, 6)
	0.515 : (1, 7)
	0.024 : (2, 10)
 20 : 0.8684017775396224
	0.993 : (2, 13)
 21 : 0.8928042179734694
	0.996 : (2, 12)
 22 : 0.935311856686314
	0.056 : (1, 4)
	0.940 : (1, 8)
 23 : 0.9370161672050586
	0.027 : (0, 4)
	0.461 : (0, 8)
	0.028 : (1, 5)
	0.467 : (1, 9)
 24 : 0.9373761273011425
	0.055 : (0, 5)
	0.923 : (0, 9)
	0.010 : (2, 11)
 25 : 0.9569843128130269
	0.998 : (1, 10)
 26 : 0.9714327344918439
	0.474 : (0, 10)
	0.017 : (1, 3)
	0.496 : (1, 11)
 27 : 0.9820482730601126
	0.027 : (0, 3)
	0.946 : (0, 11)
 28 : 1.0804593353577556
	0.505 : (0, 8)
	0.482 : (1, 9)
	0.012 : (2, 14)
 29 : 1.1071944231725976
	0.512 : (0, 10)
	0.476 : (1, 11)
 30 : 1.2107228372863421
	0.962 : (0, 13)
	0.038 : (2, 22)
 31 : 1.2193956340109116
	0.478 : (0, 12)
	0.506 : (1, 13)
	0.016 : (2, 23)
 32 : 1.2265257715111915
	1.000 : (1, 12)
 33 : 1.2995974412027076
	0.976 : (2, 15)
 34 : 1.3056574174415942
	0.969 : (2, 16)
 35 : 1.35222903281185
	0.013 : (1, 9)
	0.973 : (2, 14)
 36 : 1.3539988750547471
	0.011 : (1, 11)
	0.977 : (2, 17)
 37 : 1.421977987515101
	0.521 : (0, 12)
	0.470 : (1, 13)
 38 : 1.5030103129748245
	0.051 : (0, 15)
	0.934 : (2, 19)
 39 : 1.5433135953833803
	0.030 : (0, 14)
	0.012 : (1, 15)
	0.951 : (2, 18)
 40 : 1.6084732502103511
	0.014 : (0, 22)
	0.982 : (2, 20)
 41 : 1.6170034611094506
	0.038 : (0, 13)
	0.025 : (0, 20)
	0.937 : (2, 22)
 42 : 1.622961858812782
	0.990 : (2, 21)
 43 : 1.6658228100457302
	0.013 : (0, 21)
	0.023 : (1, 13)
	0.958 : (2, 23)
 44 : 1.6698122303280252
	0.999 : (1, 14)
 45 : 1.678234770431608
	0.458 : (0, 14)
	0.495 : (1, 15)
	0.040 : (2, 18)
 46 : 1.6839972127626197
	0.939 : (0, 15)
	0.011 : (2, 16)
	0.047 : (2, 19)
 47 : 1.693528948355209
	0.963 : (0, 16)
	0.010 : (2, 15)
	0.024 : (2, 24)
 48 : 1.6972192234966443
	0.499 : (0, 17)
	0.482 : (1, 16)
	0.011 : (2, 25)
 49 : 1.7008345371839828
	0.999 : (1, 17)
 50 : 1.7978014605248587
	0.509 : (0, 14)
	0.488 : (1, 15)
 51 : 1.8214713303518302
	0.490 : (0, 17)
	0.509 : (1, 16)
 52 : 1.8877573443591702
	0.982 : (0, 19)
 53 : 1.8884261167467655
	0.486 : (0, 18)
	0.503 : (1, 19)
 54 : 1.889154411688695
	0.995 : (1, 18)
 55 : 1.972742873551727
	1.000 : (1, 21)
 56 : 1.9779613812258123
	0.474 : (0, 21)
	0.509 : (1, 20)
	0.016 : (2, 23)
 57 : 1.981716032819065
	0.975 : (0, 20)
	0.024 : (2, 22)
 58 : 2.0188031077632247
	0.506 : (0, 18)
	0.493 : (1, 19)
 59 : 2.033916082737151
	1.000 : (1, 23)
 60 : 2.0402658273496197
	0.471 : (0, 23)
	0.518 : (1, 22)
 61 : 2.0460768001199985
	0.981 : (0, 22)
	0.015 : (2, 20)
 62 : 2.0663813665762922
	0.513 : (0, 21)
	0.486 : (1, 20)
 63 : 2.1201851088315795
	0.520 : (0, 23)
	0.479 : (1, 22)
 64 : 2.1754608023470547
	0.025 : (0, 16)
	0.970 : (2, 24)
 65 : 2.2009121609279685
	0.985 : (2, 25)
 66 : 2.5459502791874007
	0.499 : (0, 24)
	0.492 : (2, 26)
 67 : 2.5611161427309925
	0.386 : (0, 25)
	0.248 : (1, 24)
	0.361 : (2, 27)
 68 : 2.5796204289972313
	1.000 : (1, 25)
 69 : 2.6006676718531865
	0.016 : (0, 26)
	0.974 : (2, 29)
 70 : 2.6151325414581503
	0.020 : (0, 25)
	0.472 : (1, 24)
	0.505 : (2, 27)
 71 : 2.6232156944297182
	0.497 : (0, 24)
	0.497 : (2, 26)
 72 : 2.6352207408458894
	0.984 : (2, 28)
 73 : 2.6464803951755793
	0.592 : (0, 25)
	0.280 : (1, 24)
	0.127 : (2, 27)
 74 : 2.936556026279512
	0.998 : (1, 27)
 75 : 2.9408846558434862
	0.469 : (0, 27)
	0.517 : (1, 26)
 76 : 2.9445537405205418
	0.979 : (0, 26)
	0.016 : (2, 29)
 77 : 3.011816364345599
	0.998 : (1, 28)
 78 : 3.0158182473254445
	0.468 : (0, 28)
	0.524 : (1, 29)
 79 : 3.0196082701148828
	0.987 : (0, 29)
 80 : 3.0268254508050547
	0.519 : (0, 27)
	0.479 : (1, 26)
 81 : 3.0945464575018007
	0.524 : (0, 28)
	0.474 : (1, 29)
