scf energy for <class 'compChem.Hartree_Fock_modes.uhf.UHFMolecule'>: -1.5050343448775885
 1 : -0.00024106159847542342
	0.973 : (2, 4)
	0.018 : (2, 10)
 2 : 0.0037860540433555267
	0.959 : (2, 5)
	0.028 : (2, 11)
 3 : 0.00853754128821744
	0.978 : (2, 3)
	0.012 : (2, 9)
 4 : 0.3221054360735909
	0.935 : (1, 3)
	0.064 : (1, 9)
 5 : 0.3286287073984641
	0.986 : (2, 7)
 6 : 0.3312718681655259
	0.990 : (2, 6)
 7 : 0.3735450649959422
	0.314 : (0, 3)
	0.027 : (0, 9)
	0.600 : (1, 4)
	0.035 : (1, 10)
	0.011 : (2, 9)
 8 : 0.4315348034591859
	0.890 : (0, 4)
	0.064 : (0, 10)
	0.012 : (2, 4)
	0.029 : (2, 10)
 9 : 0.48770773200104073
	0.802 : (0, 5)
	0.072 : (0, 11)
	0.020 : (2, 5)
	0.094 : (2, 11)
 10 : 0.4954501606395315
	0.014 : (0, 8)
	0.864 : (1, 5)
	0.027 : (1, 11)
	0.086 : (2, 8)
 11 : 0.5610749479644113
	0.630 : (0, 3)
	0.296 : (1, 4)
	0.068 : (2, 9)
 12 : 0.5811109215794371
	0.091 : (1, 5)
	0.066 : (1, 7)
	0.832 : (2, 8)
 13 : 0.5909023887695887
	0.113 : (0, 5)
	0.057 : (0, 7)
	0.015 : (2, 5)
	0.806 : (2, 11)
 14 : 0.5962362289793602
	0.040 : (0, 4)
	0.014 : (2, 4)
	0.942 : (2, 10)
 15 : 0.6079265178510866
	0.019 : (0, 3)
	0.066 : (1, 4)
	0.899 : (2, 9)
 16 : 0.6809388271644508
	0.993 : (1, 6)
 17 : 0.7445437958779269
	0.334 : (0, 6)
	0.594 : (1, 7)
	0.064 : (2, 8)
 18 : 0.8089838533900275
	0.934 : (0, 7)
	0.053 : (2, 11)
 19 : 0.8741124876974228
	0.657 : (0, 6)
	0.330 : (1, 7)
 20 : 0.8747326685874995
	0.991 : (2, 13)
 21 : 0.879376010889831
	0.995 : (2, 12)
 22 : 0.9102534894493718
	0.995 : (1, 8)
 23 : 0.9316316989257822
	0.065 : (1, 3)
	0.933 : (1, 9)
 24 : 0.9728922931811562
	0.034 : (0, 3)
	0.227 : (0, 9)
	0.028 : (1, 4)
	0.694 : (1, 10)
 25 : 0.9983779986597324
	0.492 : (0, 8)
	0.039 : (1, 5)
	0.449 : (1, 11)
 26 : 1.0313830922628409
	0.062 : (0, 4)
	0.916 : (0, 10)
	0.010 : (2, 17)
 27 : 1.080789557112636
	0.070 : (0, 5)
	0.890 : (0, 11)
	0.010 : (2, 11)
	0.013 : (2, 16)
 28 : 1.121948498269955
	0.739 : (0, 9)
	0.244 : (1, 10)
	0.014 : (2, 15)
 29 : 1.1266620770143563
	0.483 : (0, 8)
	0.491 : (1, 11)
	0.020 : (2, 14)
 30 : 1.1565523667561948
	1.000 : (1, 12)
 31 : 1.1960259092388716
	0.339 : (0, 12)
	0.636 : (1, 13)
	0.025 : (2, 21)
 32 : 1.2433920517639545
	0.943 : (0, 13)
	0.056 : (2, 23)
 33 : 1.326574916103974
	0.013 : (0, 10)
	0.971 : (2, 17)
 34 : 1.3273765169934064
	0.020 : (1, 10)
	0.965 : (2, 15)
 35 : 1.3290301186912716
	0.019 : (0, 11)
	0.013 : (0, 16)
	0.955 : (2, 16)
 36 : 1.3365346903295494
	0.022 : (1, 11)
	0.956 : (2, 14)
 37 : 1.4140504459095085
	0.659 : (0, 12)
	0.339 : (1, 13)
 38 : 1.521637352538553
	0.043 : (0, 16)
	0.937 : (2, 19)
 39 : 1.5241618137915396
	0.030 : (0, 14)
	0.018 : (1, 16)
	0.941 : (2, 18)
 40 : 1.5915650369636702
	0.998 : (1, 14)
 41 : 1.6130159272457383
	1.000 : (1, 15)
 42 : 1.623543327218949
	0.024 : (0, 22)
	0.976 : (2, 22)
 43 : 1.6313171179424424
	0.024 : (1, 13)
	0.961 : (2, 21)
 44 : 1.6323990002052438
	0.011 : (0, 20)
	0.982 : (2, 20)
 45 : 1.6445053218029126
	0.057 : (0, 13)
	0.017 : (0, 23)
	0.922 : (2, 23)
 46 : 1.6703014824429905
	0.308 : (0, 14)
	0.635 : (1, 16)
	0.046 : (2, 18)
 47 : 1.6755985408849552
	0.425 : (0, 15)
	0.555 : (1, 17)
	0.014 : (2, 24)
 48 : 1.736413921598108
	0.951 : (0, 17)
	0.037 : (2, 25)
 49 : 1.750928407781634
	0.941 : (0, 16)
	0.017 : (2, 16)
	0.039 : (2, 19)
 50 : 1.789488796199883
	0.642 : (0, 14)
	0.329 : (1, 16)
	0.014 : (1, 19)
 51 : 1.8041659427405017
	0.561 : (0, 15)
	0.438 : (1, 17)
 52 : 1.807440659560376
	0.994 : (1, 18)
 53 : 1.8750291549893614
	0.015 : (0, 14)
	0.355 : (0, 18)
	0.610 : (1, 19)
 54 : 1.9187199212590382
	1.000 : (1, 20)
 55 : 1.938360519404037
	0.976 : (0, 19)
	0.012 : (2, 29)
 56 : 1.9400153202112735
	1.000 : (1, 21)
 57 : 1.9606148324289094
	0.144 : (0, 20)
	0.843 : (1, 22)
	0.013 : (2, 20)
 58 : 2.0107236508594797
	0.628 : (0, 18)
	0.370 : (1, 19)
 59 : 2.0155305981423095
	0.433 : (0, 21)
	0.555 : (1, 23)
 60 : 2.0350010100956317
	0.976 : (0, 22)
	0.024 : (2, 22)
 61 : 2.0813589385218623
	0.844 : (0, 20)
	0.151 : (1, 22)
 62 : 2.090891223157782
	0.976 : (0, 23)
	0.019 : (2, 23)
 63 : 2.0968503511480394
	0.556 : (0, 21)
	0.442 : (1, 23)
 64 : 2.1822895203660844
	0.011 : (0, 15)
	0.982 : (2, 24)
 65 : 2.1924399584816525
	0.039 : (0, 17)
	0.957 : (2, 25)
 66 : 2.500814751074554
	0.999 : (1, 24)
 67 : 2.545056074676168
	0.241 : (0, 24)
	0.581 : (1, 25)
	0.174 : (2, 26)
 68 : 2.5637769684442167
	0.326 : (0, 25)
	0.659 : (2, 27)
 69 : 2.5941071420782325
	0.987 : (2, 28)
 70 : 2.598213098996505
	0.084 : (0, 24)
	0.358 : (1, 25)
	0.551 : (2, 26)
 71 : 2.599836442063016
	0.012 : (0, 19)
	0.013 : (0, 29)
	0.973 : (2, 29)
 72 : 2.643337789979858
	0.672 : (0, 24)
	0.060 : (1, 25)
	0.261 : (2, 26)
 73 : 2.6567073954470346
	0.669 : (0, 25)
	0.322 : (2, 27)
 74 : 2.876711246990363
	0.997 : (1, 26)
 75 : 2.9123426657108413
	0.998 : (1, 28)
 76 : 2.9213148080777125
	0.153 : (0, 26)
	0.834 : (1, 27)
 77 : 2.9745073053148903
	0.326 : (0, 28)
	0.665 : (1, 29)
 78 : 2.9947250987754295
	0.978 : (0, 27)
	0.016 : (2, 27)
 79 : 3.0389830185133038
	0.834 : (0, 26)
	0.160 : (1, 27)
 80 : 3.041626794305157
	0.982 : (0, 29)
	0.013 : (2, 29)
 81 : 3.0634055968473355
	0.664 : (0, 28)
	0.332 : (1, 29)
