 1 : -0.046780164103648186
	0.086 : (20, 25)
	0.909 : (22, 23)
 2 : 0.10333713499970755
	0.551 : (20, 23)
	0.442 : (22, 25)
 3 : 0.1280263393545661
	0.992 : (21, 24)
 4 : 0.14445109859253352
	0.591 : (21, 23)
	0.406 : (22, 24)
 5 : 0.27578109112547317
	0.501 : (20, 24)
	0.487 : (21, 25)
 6 : 0.30329093315259953
	0.057 : (12, 25)
	0.015 : (14, 23)
	0.911 : (16, 23)
 7 : 0.30624051034958094
	0.053 : (13, 25)
	0.019 : (15, 23)
	0.913 : (17, 23)
 8 : 0.30734977366920785
	0.386 : (21, 23)
	0.569 : (22, 24)
 9 : 0.3157951290418056
	0.023 : (10, 23)
	0.013 : (12, 23)
	0.091 : (14, 25)
	0.864 : (18, 23)
 10 : 0.31989048520192265
	0.020 : (11, 23)
	0.084 : (15, 25)
	0.881 : (19, 23)
 11 : 0.35235999947473745
	0.015 : (10, 25)
	0.804 : (14, 23)
	0.012 : (16, 23)
	0.158 : (18, 25)
 12 : 0.35761985500955173
	0.012 : (11, 25)
	0.789 : (15, 23)
	0.017 : (17, 23)
	0.022 : (18, 24)
	0.149 : (19, 25)
 13 : 0.37892473982337815
	0.037 : (9, 24)
	0.209 : (15, 24)
	0.749 : (17, 24)
 14 : 0.38271158850195064
	0.011 : (11, 24)
	0.094 : (13, 24)
	0.882 : (19, 24)
 15 : 0.3875514097745291
	0.446 : (20, 23)
	0.553 : (22, 25)
 16 : 0.3958137933491471
	0.011 : (8, 24)
	0.011 : (11, 23)
	0.350 : (13, 23)
	0.080 : (14, 24)
	0.340 : (16, 24)
	0.193 : (17, 25)
 17 : 0.3964383648752234
	0.037 : (10, 23)
	0.630 : (12, 23)
	0.311 : (16, 25)
 18 : 0.4008423638637518
	0.082 : (12, 24)
	0.023 : (15, 23)
	0.875 : (18, 24)
 19 : 0.4107565145665462
	0.020 : (8, 24)
	0.012 : (11, 23)
	0.295 : (13, 23)
	0.127 : (14, 24)
	0.406 : (16, 24)
	0.119 : (17, 25)
 20 : 0.45428765887238215
	0.897 : (20, 25)
	0.088 : (22, 23)
 21 : 0.4580478615019437
	0.459 : (20, 24)
	0.472 : (21, 25)
 22 : 0.48848246309123416
	0.023 : (6, 23)
	0.025 : (8, 25)
	0.055 : (10, 23)
	0.013 : (16, 25)
	0.038 : (20, 31)
	0.033 : (20, 33)
	0.018 : (20, 39)
	0.435 : (22, 27)
	0.316 : (22, 30)
	0.043 : (22, 35)
 23 : 0.5014259526209685
	0.028 : (11, 23)
	0.039 : (20, 32)
	0.013 : (20, 36)
	0.751 : (22, 26)
	0.073 : (22, 28)
	0.043 : (22, 34)
 24 : 0.5119269927920779
	0.019 : (6, 25)
	0.119 : (8, 23)
	0.020 : (10, 25)
	0.034 : (18, 25)
	0.148 : (20, 30)
	0.641 : (22, 31)
 25 : 0.5191668881407556
	0.014 : (6, 23)
	0.013 : (8, 25)
	0.110 : (10, 23)
	0.018 : (14, 25)
	0.015 : (18, 23)
	0.095 : (20, 31)
	0.011 : (20, 33)
	0.363 : (22, 27)
	0.284 : (22, 30)
	0.055 : (22, 35)
	0.014 : (22, 38)
 26 : 0.5195497450891216
	0.770 : (15, 24)
	0.227 : (17, 24)
 27 : 0.5280460103062313
	0.191 : (11, 23)
	0.025 : (13, 23)
	0.058 : (14, 24)
	0.061 : (15, 25)
	0.014 : (17, 25)
	0.030 : (19, 23)
	0.078 : (20, 29)
	0.080 : (22, 26)
	0.387 : (22, 28)
	0.033 : (22, 34)
 28 : 0.5291618752235341
	0.011 : (7, 25)
	0.090 : (9, 23)
	0.013 : (11, 25)
	0.026 : (19, 25)
	0.122 : (20, 28)
	0.033 : (21, 30)
	0.013 : (21, 35)
	0.660 : (22, 29)
 29 : 0.5350327751433415
	0.639 : (14, 24)
	0.218 : (16, 24)
	0.011 : (17, 25)
	0.017 : (20, 29)
	0.010 : (22, 26)
	0.081 : (22, 28)
 30 : 0.5444078859205098
	0.024 : (13, 24)
	0.015 : (19, 24)
	0.894 : (21, 26)
	0.020 : (21, 34)
	0.044 : (21, 37)
 31 : 0.5482658465203629
	0.169 : (10, 23)
	0.199 : (12, 23)
	0.249 : (14, 25)
	0.193 : (16, 25)
	0.073 : (18, 23)
	0.015 : (20, 31)
	0.031 : (22, 27)
	0.051 : (22, 30)
 32 : 0.5503551699054864
	0.023 : (9, 25)
	0.075 : (11, 23)
	0.184 : (13, 23)
	0.072 : (14, 24)
	0.202 : (15, 25)
	0.235 : (17, 25)
	0.038 : (19, 23)
	0.022 : (20, 29)
	0.113 : (22, 28)
 33 : 0.5548117011426714
	0.044 : (7, 24)
	0.032 : (11, 24)
	0.438 : (13, 24)
	0.056 : (19, 24)
	0.057 : (21, 26)
	0.200 : (21, 28)
	0.169 : (21, 34)
 34 : 0.5574529114011934
	0.012 : (19, 25)
	0.069 : (20, 26)
	0.737 : (21, 27)
	0.018 : (21, 38)
	0.011 : (22, 29)
	0.132 : (22, 32)
 35 : 0.5617773283647925
	0.013 : (11, 25)
	0.021 : (12, 24)
	0.092 : (13, 25)
	0.105 : (15, 23)
	0.669 : (19, 25)
	0.045 : (21, 27)
	0.027 : (22, 29)
 36 : 0.5620956512189744
	0.017 : (10, 25)
	0.079 : (12, 25)
	0.107 : (14, 23)
	0.607 : (18, 25)
	0.048 : (20, 27)
	0.058 : (22, 31)
	0.076 : (22, 33)
 37 : 0.5665791603545614
	0.019 : (8, 23)
	0.028 : (12, 25)
	0.011 : (14, 23)
	0.106 : (18, 25)
	0.207 : (20, 27)
	0.013 : (20, 30)
	0.017 : (20, 38)
	0.586 : (22, 33)
 38 : 0.5716875396205636
	0.016 : (7, 24)
	0.105 : (11, 24)
	0.419 : (13, 24)
	0.039 : (19, 24)
	0.218 : (21, 28)
	0.196 : (21, 34)
 39 : 0.5771939878264378
	0.023 : (9, 23)
	0.256 : (12, 24)
	0.033 : (18, 24)
	0.127 : (20, 26)
	0.011 : (20, 37)
	0.131 : (21, 27)
	0.390 : (22, 32)
 40 : 0.5792679231470369
	0.612 : (12, 24)
	0.049 : (18, 24)
	0.046 : (19, 25)
	0.060 : (20, 26)
	0.042 : (21, 27)
	0.155 : (22, 32)
 41 : 0.6042859439311853
	0.014 : (9, 29)
	0.033 : (11, 26)
	0.047 : (11, 34)
	0.017 : (11, 37)
	0.017 : (13, 34)
	0.018 : (13, 37)
	0.089 : (15, 29)
	0.014 : (15, 32)
	0.012 : (15, 36)
	0.016 : (17, 32)
	0.453 : (19, 26)
	0.222 : (19, 28)
 42 : 0.6045937955652543
	0.012 : (6, 23)
	0.031 : (8, 25)
	0.206 : (10, 23)
	0.015 : (12, 23)
	0.046 : (16, 25)
	0.055 : (20, 33)
	0.035 : (20, 39)
	0.036 : (22, 27)
	0.082 : (22, 30)
	0.438 : (22, 35)
	0.040 : (22, 38)
 43 : 0.6103705039432484
	0.020 : (10, 26)
	0.022 : (10, 34)
	0.023 : (11, 27)
	0.022 : (11, 35)
	0.012 : (13, 27)
	0.026 : (14, 29)
	0.026 : (15, 31)
	0.246 : (18, 26)
	0.099 : (18, 28)
	0.011 : (18, 34)
	0.298 : (19, 27)
	0.053 : (19, 30)
 44 : 0.6120827362317128
	0.027 : (9, 25)
	0.256 : (11, 23)
	0.024 : (13, 23)
	0.070 : (17, 25)
	0.043 : (20, 32)
	0.030 : (20, 36)
	0.036 : (22, 26)
	0.053 : (22, 28)
	0.405 : (22, 34)
	0.032 : (22, 37)
 45 : 0.615252680386551
	0.051 : (10, 27)
	0.041 : (10, 35)
	0.015 : (10, 38)
	0.033 : (12, 27)
	0.021 : (12, 35)
	0.017 : (12, 38)
	0.033 : (14, 31)
	0.604 : (18, 27)
	0.094 : (18, 30)
	0.031 : (18, 35)
	0.013 : (18, 38)
 46 : 0.6154673721217525
	0.019 : (9, 26)
	0.023 : (11, 32)
	0.062 : (13, 29)
	0.132 : (13, 32)
	0.052 : (15, 28)
	0.375 : (17, 26)
	0.182 : (17, 28)
	0.011 : (17, 37)
	0.083 : (19, 29)
	0.029 : (19, 32)
 47 : 0.6194375662435853
	0.759 : (21, 29)
	0.130 : (21, 32)
	0.097 : (21, 36)
 48 : 0.6202424348331783
	0.027 : (6, 24)
	0.161 : (10, 24)
	0.016 : (11, 25)
	0.080 : (20, 34)
	0.220 : (21, 30)
	0.345 : (21, 35)
	0.019 : (21, 38)
	0.039 : (22, 29)
	0.032 : (22, 36)
 49 : 0.623640525353897
	0.023 : (9, 25)
	0.245 : (11, 23)
	0.026 : (13, 23)
	0.155 : (17, 25)
	0.024 : (20, 32)
	0.023 : (20, 36)
	0.032 : (21, 31)
	0.080 : (22, 28)
	0.320 : (22, 34)
	0.033 : (22, 37)
 50 : 0.6269589215624145
	0.030 : (9, 32)
	0.036 : (11, 26)
	0.110 : (13, 26)
	0.114 : (13, 28)
	0.016 : (13, 37)
	0.114 : (15, 29)
	0.121 : (17, 29)
	0.193 : (17, 32)
	0.079 : (19, 26)
	0.147 : (19, 28)
	0.012 : (19, 34)
 51 : 0.6289519002780628
	0.033 : (9, 28)
	0.102 : (11, 29)
	0.028 : (13, 32)
	0.046 : (15, 26)
	0.233 : (15, 28)
	0.053 : (15, 34)
	0.020 : (15, 37)
	0.086 : (17, 26)
	0.300 : (19, 29)
	0.039 : (19, 32)
	0.014 : (19, 36)
 52 : 0.6298943819290128
	0.033 : (8, 25)
	0.222 : (10, 23)
	0.039 : (12, 23)
	0.233 : (16, 25)
	0.012 : (20, 31)
	0.019 : (20, 33)
	0.022 : (20, 39)
	0.015 : (22, 27)
	0.075 : (22, 30)
	0.278 : (22, 35)
	0.034 : (22, 38)
 53 : 0.6338507166683983
	0.012 : (10, 32)
	0.012 : (11, 33)
	0.032 : (12, 29)
	0.071 : (12, 32)
	0.020 : (13, 31)
	0.076 : (13, 33)
	0.020 : (14, 28)
	0.019 : (15, 30)
	0.214 : (16, 26)
	0.094 : (16, 28)
	0.166 : (17, 27)
	0.110 : (17, 30)
	0.032 : (18, 29)
	0.016 : (18, 32)
	0.025 : (19, 31)
	0.020 : (19, 33)
 54 : 0.6460174203122513
	0.013 : (8, 28)
	0.014 : (9, 30)
	0.048 : (10, 29)
	0.048 : (11, 31)
	0.011 : (12, 32)
	0.024 : (14, 26)
	0.129 : (14, 28)
	0.029 : (14, 34)
	0.010 : (14, 37)
	0.045 : (15, 27)
	0.097 : (15, 30)
	0.029 : (15, 35)
	0.010 : (15, 38)
	0.031 : (16, 26)
	0.032 : (17, 27)
	0.172 : (18, 29)
	0.017 : (18, 32)
	0.153 : (19, 31)
	0.013 : (19, 33)
 55 : 0.6461286167204203
	0.013 : (8, 32)
	0.015 : (9, 33)
	0.017 : (10, 26)
	0.017 : (11, 27)
	0.057 : (12, 26)
	0.061 : (12, 28)
	0.042 : (13, 27)
	0.066 : (13, 30)
	0.066 : (14, 29)
	0.056 : (15, 31)
	0.066 : (16, 29)
	0.100 : (16, 32)
	0.044 : (17, 31)
	0.107 : (17, 33)
	0.031 : (18, 26)
	0.087 : (18, 28)
	0.015 : (19, 27)
	0.086 : (19, 30)
 56 : 0.6510787279279621
	0.032 : (9, 29)
	0.027 : (11, 26)
	0.136 : (11, 28)
	0.206 : (13, 26)
	0.173 : (15, 29)
	0.015 : (15, 32)
	0.013 : (15, 36)
	0.104 : (17, 32)
	0.034 : (19, 26)
	0.163 : (19, 34)
	0.059 : (19, 37)
 57 : 0.6519647134361096
	0.025 : (7, 24)
	0.758 : (11, 24)
	0.011 : (13, 24)
	0.190 : (21, 28)
 58 : 0.6522199481572597
	0.011 : (8, 27)
	0.012 : (8, 30)
	0.025 : (10, 33)
	0.038 : (12, 31)
	0.163 : (12, 33)
	0.025 : (14, 30)
	0.385 : (16, 27)
	0.228 : (16, 30)
	0.015 : (16, 38)
	0.030 : (18, 31)
	0.042 : (18, 33)
 59 : 0.6527940004649185
	0.023 : (6, 25)
	0.373 : (8, 23)
	0.032 : (10, 25)
	0.064 : (12, 25)
	0.032 : (20, 27)
	0.140 : (20, 35)
	0.016 : (20, 38)
	0.109 : (22, 31)
	0.098 : (22, 33)
	0.108 : (22, 39)
 60 : 0.6578822482122854
	0.349 : (9, 23)
	0.260 : (10, 24)
	0.034 : (11, 25)
	0.072 : (13, 25)
	0.043 : (20, 34)
	0.012 : (21, 30)
	0.011 : (21, 35)
	0.088 : (22, 29)
	0.055 : (22, 32)
	0.041 : (22, 36)
 61 : 0.6634569845950118
	0.022 : (8, 30)
	0.089 : (10, 31)
	0.016 : (12, 31)
	0.011 : (12, 33)
	0.095 : (14, 27)
	0.217 : (14, 30)
	0.063 : (14, 35)
	0.020 : (14, 38)
	0.037 : (16, 27)
	0.350 : (18, 31)
	0.020 : (18, 33)
	0.013 : (18, 39)
 62 : 0.663496160545922
	0.016 : (8, 29)
	0.017 : (9, 31)
	0.065 : (10, 28)
	0.021 : (11, 27)
	0.056 : (11, 30)
	0.098 : (12, 26)
	0.099 : (13, 27)
	0.102 : (14, 29)
	0.098 : (15, 31)
	0.059 : (16, 32)
	0.056 : (17, 33)
	0.010 : (18, 28)
	0.081 : (18, 34)
	0.026 : (18, 37)
	0.080 : (19, 35)
	0.027 : (19, 38)
 63 : 0.6647178098693394
	0.653 : (21, 31)
	0.177 : (21, 33)
	0.078 : (21, 39)
	0.046 : (22, 28)
	0.035 : (22, 34)
 64 : 0.6657531880075335
	0.025 : (8, 33)
	0.033 : (10, 27)
	0.090 : (12, 27)
	0.144 : (12, 30)
	0.014 : (12, 38)
	0.117 : (14, 31)
	0.093 : (16, 31)
	0.234 : (16, 33)
	0.025 : (18, 27)
	0.184 : (18, 30)
 65 : 0.6757782719262996
	0.192 : (8, 23)
	0.067 : (10, 25)
	0.095 : (12, 25)
	0.013 : (16, 23)
	0.014 : (18, 25)
	0.165 : (20, 27)
	0.026 : (20, 30)
	0.210 : (20, 35)
	0.028 : (20, 38)
	0.014 : (22, 31)
	0.019 : (22, 33)
	0.157 : (22, 39)
 66 : 0.6777667633567409
	0.031 : (8, 31)
	0.031 : (10, 27)
	0.106 : (10, 30)
	0.187 : (12, 27)
	0.221 : (14, 31)
	0.016 : (14, 33)
	0.019 : (14, 39)
	0.116 : (16, 33)
	0.034 : (18, 30)
	0.160 : (18, 35)
	0.048 : (18, 38)
 67 : 0.6901728121513204
	0.070 : (10, 24)
	0.295 : (20, 26)
	0.116 : (20, 34)
	0.030 : (20, 37)
	0.189 : (21, 30)
	0.062 : (21, 35)
	0.075 : (22, 32)
	0.145 : (22, 36)
 68 : 0.690223655936274
	0.093 : (11, 23)
	0.076 : (13, 23)
	0.612 : (15, 25)
	0.161 : (17, 25)
	0.035 : (19, 23)
 69 : 0.6995529100005117
	0.079 : (10, 23)
	0.091 : (12, 23)
	0.601 : (14, 25)
	0.168 : (16, 25)
	0.036 : (18, 23)
 70 : 0.7079891607094242
	0.014 : (6, 24)
	0.132 : (9, 23)
	0.278 : (10, 24)
	0.263 : (13, 25)
	0.013 : (15, 23)
	0.015 : (17, 23)
	0.032 : (19, 25)
	0.055 : (20, 26)
	0.012 : (20, 34)
	0.126 : (21, 30)
	0.016 : (21, 35)
	0.011 : (22, 29)
	0.010 : (22, 36)
 71 : 0.7176921253341811
	0.043 : (11, 24)
	0.010 : (21, 26)
	0.372 : (21, 28)
	0.571 : (21, 34)
 72 : 0.7338180962494647
	0.017 : (7, 25)
	0.140 : (9, 23)
	0.041 : (11, 25)
	0.428 : (13, 25)
	0.018 : (15, 23)
	0.031 : (17, 23)
	0.049 : (19, 25)
	0.020 : (20, 26)
	0.161 : (21, 30)
	0.069 : (21, 35)
 73 : 0.7375793223870006
	0.019 : (6, 25)
	0.080 : (8, 23)
	0.033 : (10, 25)
	0.580 : (12, 25)
	0.029 : (14, 23)
	0.045 : (16, 23)
	0.067 : (18, 25)
	0.087 : (20, 27)
	0.011 : (20, 30)
	0.021 : (22, 31)
	0.018 : (22, 33)
 74 : 0.7388757950925724
	0.021 : (9, 24)
	0.147 : (21, 29)
	0.827 : (21, 32)
 75 : 0.7404827843262461
	0.080 : (10, 25)
	0.065 : (12, 25)
	0.013 : (14, 23)
	0.383 : (20, 27)
	0.112 : (20, 30)
	0.181 : (20, 35)
	0.011 : (20, 38)
	0.019 : (22, 31)
	0.087 : (22, 33)
	0.027 : (22, 39)
 76 : 0.7433641183867739
	0.014 : (7, 34)
	0.013 : (9, 36)
	0.080 : (13, 28)
	0.017 : (13, 34)
	0.014 : (13, 37)
	0.049 : (15, 29)
	0.046 : (15, 36)
	0.298 : (17, 29)
	0.025 : (17, 32)
	0.042 : (17, 36)
	0.089 : (19, 26)
	0.104 : (19, 28)
	0.146 : (19, 34)
	0.012 : (19, 37)
 77 : 0.7443280568706377
	0.010 : (7, 36)
	0.036 : (9, 26)
	0.014 : (9, 28)
	0.011 : (9, 34)
	0.028 : (13, 32)
	0.349 : (15, 26)
	0.034 : (15, 28)
	0.072 : (15, 34)
	0.118 : (17, 26)
	0.143 : (17, 34)
	0.056 : (17, 37)
	0.031 : (19, 29)
	0.037 : (19, 32)
	0.033 : (19, 36)
 78 : 0.7501755652440301
	0.131 : (9, 23)
	0.140 : (10, 24)
	0.036 : (13, 25)
	0.029 : (20, 28)
	0.039 : (20, 34)
	0.230 : (21, 30)
	0.316 : (21, 35)
	0.012 : (22, 29)
	0.012 : (22, 32)
 79 : 0.7601810840051346
	0.016 : (8, 26)
	0.020 : (9, 27)
	0.011 : (12, 32)
	0.187 : (14, 26)
	0.015 : (14, 28)
	0.021 : (14, 34)
	0.197 : (15, 27)
	0.016 : (15, 30)
	0.018 : (15, 35)
	0.065 : (16, 26)
	0.047 : (16, 34)
	0.019 : (16, 37)
	0.139 : (17, 27)
	0.049 : (17, 35)
	0.022 : (17, 38)
	0.019 : (18, 29)
	0.023 : (18, 32)
	0.013 : (18, 36)
	0.029 : (19, 33)
 80 : 0.7608991483469012
	0.026 : (11, 25)
	0.225 : (20, 26)
	0.215 : (20, 28)
	0.226 : (20, 34)
	0.136 : (21, 35)
	0.018 : (22, 29)
	0.054 : (22, 32)
	0.074 : (22, 36)
 81 : 0.7621898578042893
	0.013 : (9, 34)
	0.077 : (13, 29)
	0.013 : (13, 32)
	0.050 : (15, 26)
	0.030 : (15, 28)
	0.056 : (15, 34)
	0.205 : (17, 26)
	0.400 : (17, 28)
	0.050 : (17, 34)
	0.013 : (19, 29)
	0.026 : (19, 32)
	0.014 : (19, 36)
 82 : 0.7622310260176757
	0.046 : (12, 28)
	0.034 : (13, 30)
	0.032 : (14, 29)
	0.023 : (14, 36)
	0.020 : (15, 31)
	0.023 : (15, 39)
	0.161 : (16, 29)
	0.019 : (16, 36)
	0.121 : (17, 31)
	0.023 : (17, 39)
	0.065 : (18, 26)
	0.077 : (18, 28)
	0.085 : (18, 34)
	0.022 : (19, 27)
	0.042 : (19, 30)
	0.072 : (19, 35)
 83 : 0.7626060788988369
	0.019 : (20, 29)
	0.026 : (20, 32)
	0.204 : (21, 31)
	0.699 : (21, 33)
	0.011 : (22, 26)
	0.023 : (22, 37)
 84 : 0.7654410373386517
	0.281 : (20, 29)
	0.245 : (20, 32)
	0.011 : (20, 36)
	0.080 : (21, 33)
	0.041 : (22, 26)
	0.088 : (22, 28)
	0.058 : (22, 34)
	0.178 : (22, 37)
 85 : 0.7654604438789434
	0.015 : (6, 23)
	0.219 : (20, 31)
	0.258 : (20, 33)
	0.086 : (22, 27)
	0.072 : (22, 30)
	0.093 : (22, 35)
	0.238 : (22, 38)
 86 : 0.7738004512827021
	0.023 : (12, 29)
	0.030 : (13, 31)
	0.016 : (13, 33)
	0.026 : (14, 28)
	0.031 : (14, 34)
	0.026 : (15, 27)
	0.046 : (15, 35)
	0.148 : (16, 28)
	0.067 : (16, 34)
	0.014 : (16, 37)
	0.298 : (17, 27)
	0.096 : (17, 30)
	0.026 : (17, 35)
	0.013 : (18, 29)
	0.015 : (19, 39)
 87 : 0.7748851704939431
	0.034 : (8, 27)
	0.018 : (12, 31)
	0.014 : (12, 33)
	0.375 : (14, 27)
	0.031 : (14, 30)
	0.016 : (14, 35)
	0.271 : (16, 27)
	0.042 : (16, 30)
	0.057 : (16, 35)
	0.027 : (16, 38)
	0.013 : (18, 31)
	0.065 : (18, 33)
	0.011 : (18, 39)
 88 : 0.782928548393839
	0.014 : (6, 35)
	0.012 : (8, 39)
	0.010 : (10, 30)
	0.078 : (12, 30)
	0.019 : (12, 35)
	0.013 : (12, 38)
	0.057 : (14, 31)
	0.046 : (14, 39)
	0.267 : (16, 31)
	0.043 : (16, 39)
	0.066 : (18, 27)
	0.133 : (18, 30)
	0.171 : (18, 35)
	0.020 : (18, 38)
 89 : 0.7847307821401404
	0.025 : (12, 29)
	0.015 : (12, 32)
	0.077 : (14, 26)
	0.017 : (14, 34)
	0.023 : (15, 27)
	0.442 : (16, 26)
	0.086 : (16, 28)
	0.142 : (17, 27)
	0.031 : (17, 30)
	0.040 : (17, 35)
	0.025 : (18, 32)
	0.010 : (18, 36)
 90 : 0.793358073532974
	0.011 : (6, 31)
	0.012 : (6, 39)
	0.012 : (8, 30)
	0.021 : (8, 35)
	0.061 : (12, 31)
	0.022 : (12, 33)
	0.053 : (14, 30)
	0.129 : (14, 35)
	0.089 : (16, 27)
	0.276 : (16, 30)
	0.166 : (16, 35)
	0.039 : (16, 38)
	0.035 : (18, 31)
	0.039 : (18, 39)
 91 : 0.7942762093218618
	0.926 : (9, 24)
	0.017 : (15, 24)
	0.019 : (17, 24)
	0.027 : (21, 29)
 92 : 0.8005880399631418
	0.016 : (7, 26)
	0.050 : (11, 26)
	0.010 : (11, 28)
	0.041 : (13, 26)
	0.013 : (13, 34)
	0.019 : (15, 29)
	0.057 : (15, 32)
	0.204 : (17, 29)
	0.201 : (17, 32)
	0.140 : (19, 26)
	0.081 : (19, 28)
	0.140 : (19, 34)
 93 : 0.8020774282939589
	0.015 : (12, 28)
	0.043 : (14, 32)
	0.021 : (15, 33)
	0.058 : (16, 29)
	0.011 : (17, 33)
	0.451 : (18, 26)
	0.327 : (19, 27)
	0.016 : (19, 35)
 94 : 0.8144078123870453
	0.030 : (10, 26)
	0.025 : (11, 27)
	0.013 : (12, 26)
	0.021 : (13, 27)
	0.017 : (14, 32)
	0.011 : (15, 31)
	0.043 : (15, 33)
	0.096 : (16, 29)
	0.100 : (16, 32)
	0.115 : (17, 31)
	0.080 : (17, 33)
	0.012 : (18, 26)
	0.069 : (18, 28)
	0.091 : (18, 34)
	0.139 : (19, 27)
	0.028 : (19, 30)
	0.040 : (19, 35)
 95 : 0.8177302222210663
	0.634 : (6, 23)
	0.142 : (8, 25)
	0.071 : (10, 23)
	0.023 : (14, 25)
	0.021 : (16, 25)
	0.029 : (20, 33)
	0.025 : (22, 30)
	0.040 : (22, 38)
 96 : 0.8183938530761351
	0.518 : (7, 23)
	0.170 : (8, 24)
	0.129 : (9, 25)
	0.042 : (11, 23)
	0.022 : (15, 25)
	0.018 : (17, 25)
	0.021 : (20, 32)
	0.017 : (21, 31)
	0.016 : (22, 28)
	0.023 : (22, 37)
 97 : 0.8246784747423812
	0.014 : (9, 28)
	0.025 : (11, 29)
	0.025 : (11, 32)
	0.049 : (13, 29)
	0.021 : (13, 36)
	0.187 : (15, 26)
	0.027 : (15, 28)
	0.058 : (15, 34)
	0.011 : (15, 37)
	0.018 : (17, 26)
	0.113 : (17, 28)
	0.289 : (17, 34)
	0.011 : (19, 29)
	0.135 : (19, 32)
 98 : 0.8248466623077798
	0.024 : (11, 25)
	0.088 : (20, 26)
	0.476 : (20, 28)
	0.022 : (20, 34)
	0.027 : (20, 37)
	0.091 : (22, 29)
	0.036 : (22, 32)
	0.221 : (22, 36)
 99 : 0.8271763630469562
	0.016 : (10, 29)
	0.021 : (12, 29)
	0.010 : (13, 39)
	0.105 : (14, 28)
	0.041 : (15, 27)
	0.082 : (15, 30)
	0.013 : (15, 35)
	0.097 : (16, 28)
	0.038 : (17, 30)
	0.104 : (17, 35)
	0.213 : (18, 29)
	0.165 : (19, 31)
	0.033 : (19, 33)
 100 : 0.8284290580606892
	0.017 : (6, 27)
	0.068 : (10, 27)
	0.030 : (12, 27)
	0.012 : (12, 35)
	0.014 : (14, 31)
	0.067 : (14, 33)
	0.248 : (16, 31)
	0.181 : (16, 33)
	0.103 : (18, 27)
	0.097 : (18, 30)
	0.129 : (18, 35)
 101 : 0.8295303672986153
	0.076 : (6, 25)
	0.095 : (8, 23)
	0.597 : (10, 25)
	0.014 : (14, 23)
	0.028 : (20, 27)
	0.017 : (20, 30)
	0.025 : (20, 35)
	0.106 : (22, 39)
 102 : 0.8362986801169173
	0.022 : (7, 23)
	0.025 : (8, 24)
	0.482 : (20, 29)
	0.074 : (20, 32)
	0.041 : (20, 36)
	0.018 : (22, 26)
	0.036 : (22, 28)
	0.025 : (22, 34)
	0.265 : (22, 37)
 103 : 0.8375659542105884
	0.012 : (10, 32)
	0.020 : (11, 31)
	0.012 : (11, 33)
	0.017 : (12, 29)
	0.014 : (12, 36)
	0.023 : (13, 31)
	0.094 : (14, 26)
	0.028 : (14, 34)
	0.049 : (15, 27)
	0.084 : (15, 30)
	0.020 : (15, 35)
	0.012 : (16, 26)
	0.042 : (16, 28)
	0.149 : (16, 34)
	0.074 : (17, 30)
	0.072 : (17, 35)
	0.014 : (18, 29)
	0.097 : (18, 32)
	0.064 : (19, 31)
	0.041 : (19, 33)
 104 : 0.8401369939938912
	0.038 : (12, 29)
	0.057 : (13, 31)
	0.015 : (13, 33)
	0.045 : (14, 26)
	0.023 : (14, 28)
	0.019 : (15, 27)
	0.031 : (15, 30)
	0.030 : (16, 26)
	0.208 : (16, 28)
	0.294 : (17, 30)
	0.093 : (18, 29)
	0.018 : (18, 32)
	0.075 : (19, 31)
	0.022 : (19, 33)
 105 : 0.8406062679965858
	0.041 : (7, 25)
	0.046 : (9, 23)
	0.032 : (10, 24)
	0.754 : (11, 25)
	0.015 : (13, 25)
	0.017 : (15, 23)
	0.059 : (20, 28)
	0.014 : (22, 29)
 106 : 0.8481201680935905
	0.010 : (8, 30)
	0.026 : (10, 31)
	0.030 : (10, 33)
	0.047 : (12, 31)
	0.017 : (12, 39)
	0.153 : (14, 27)
	0.059 : (14, 30)
	0.055 : (14, 35)
	0.011 : (14, 38)
	0.030 : (16, 27)
	0.133 : (16, 30)
	0.259 : (16, 35)
	0.013 : (18, 31)
	0.136 : (18, 33)
 107 : 0.8492825010258026
	0.032 : (11, 26)
	0.013 : (11, 28)
	0.031 : (11, 34)
	0.106 : (13, 26)
	0.036 : (13, 28)
	0.069 : (13, 34)
	0.236 : (15, 32)
	0.024 : (15, 36)
	0.115 : (17, 29)
	0.022 : (17, 32)
	0.067 : (17, 36)
	0.036 : (19, 26)
	0.017 : (19, 28)
	0.096 : (19, 34)
	0.066 : (19, 37)
 108 : 0.8495200330880807
	0.011 : (13, 35)
	0.050 : (14, 29)
	0.066 : (15, 31)
	0.313 : (18, 28)
	0.021 : (18, 34)
	0.374 : (19, 30)
	0.090 : (19, 35)
 109 : 0.8546104023730688
	0.024 : (8, 23)
	0.087 : (10, 25)
	0.021 : (20, 27)
	0.554 : (20, 30)
	0.030 : (20, 38)
	0.095 : (22, 31)
	0.032 : (22, 33)
	0.143 : (22, 39)
 110 : 0.8564649965694087
	0.013 : (12, 26)
	0.081 : (12, 28)
	0.022 : (12, 34)
	0.044 : (13, 30)
	0.029 : (14, 32)
	0.022 : (15, 33)
	0.373 : (16, 29)
	0.014 : (16, 36)
	0.225 : (17, 31)
	0.057 : (18, 26)
	0.019 : (19, 27)
	0.014 : (19, 30)
	0.019 : (19, 35)
 111 : 0.8567665472015024
	0.065 : (21, 29)
	0.034 : (21, 32)
	0.894 : (21, 36)
 112 : 0.8606963334448506
	0.014 : (11, 27)
	0.014 : (11, 30)
	0.017 : (11, 35)
	0.038 : (12, 26)
	0.018 : (12, 34)
	0.061 : (13, 27)
	0.056 : (13, 30)
	0.037 : (13, 35)
	0.088 : (14, 32)
	0.010 : (14, 36)
	0.097 : (15, 33)
	0.019 : (16, 36)
	0.232 : (17, 31)
	0.015 : (17, 33)
	0.029 : (17, 39)
	0.064 : (18, 34)
	0.025 : (18, 37)
	0.037 : (19, 27)
	0.018 : (19, 30)
	0.018 : (19, 35)
	0.025 : (19, 38)
 113 : 0.8613146548600707
	0.041 : (6, 23)
	0.011 : (8, 25)
	0.538 : (20, 31)
	0.038 : (20, 33)
	0.053 : (20, 39)
	0.061 : (22, 30)
	0.013 : (22, 35)
	0.237 : (22, 38)
 114 : 0.8647723637342197
	0.012 : (13, 31)
	0.158 : (14, 26)
	0.023 : (14, 28)
	0.202 : (15, 27)
	0.034 : (15, 30)
	0.038 : (16, 26)
	0.085 : (16, 28)
	0.056 : (17, 27)
	0.085 : (17, 30)
	0.140 : (18, 32)
	0.112 : (19, 33)
 115 : 0.8678514118494606
	0.026 : (11, 29)
	0.062 : (13, 29)
	0.013 : (13, 32)
	0.021 : (15, 26)
	0.096 : (15, 28)
	0.011 : (15, 34)
	0.015 : (15, 37)
	0.018 : (17, 28)
	0.155 : (17, 34)
	0.200 : (19, 29)
	0.246 : (19, 32)
	0.115 : (19, 36)
 116 : 0.8705260564315918
	0.022 : (10, 27)
	0.021 : (10, 30)
	0.034 : (10, 35)
	0.118 : (12, 27)
	0.027 : (12, 30)
	0.061 : (12, 35)
	0.230 : (14, 33)
	0.023 : (14, 39)
	0.124 : (16, 31)
	0.029 : (16, 33)
	0.057 : (16, 39)
	0.027 : (18, 27)
	0.031 : (18, 30)
	0.106 : (18, 35)
	0.065 : (18, 38)
 117 : 0.8723395526965975
	0.205 : (7, 24)
	0.012 : (11, 24)
	0.030 : (21, 26)
	0.013 : (21, 28)
	0.032 : (21, 34)
	0.702 : (21, 37)
 118 : 0.8723453395385602
	0.181 : (7, 23)
	0.663 : (8, 24)
	0.026 : (9, 25)
	0.013 : (14, 24)
	0.011 : (16, 24)
	0.017 : (21, 31)
	0.079 : (21, 39)
 119 : 0.8777214158569958
	0.085 : (8, 24)
	0.011 : (20, 29)
	0.045 : (21, 31)
	0.028 : (21, 33)
	0.817 : (21, 39)
 120 : 0.8808311299131845
	0.010 : (10, 29)
	0.039 : (12, 29)
	0.018 : (13, 31)
	0.028 : (14, 26)
	0.064 : (14, 28)
	0.022 : (15, 30)
	0.011 : (15, 38)
	0.103 : (16, 34)
	0.014 : (17, 30)
	0.065 : (17, 35)
	0.075 : (18, 29)
	0.104 : (18, 32)
	0.056 : (18, 36)
	0.114 : (19, 31)
	0.151 : (19, 33)
	0.055 : (19, 39)
 121 : 0.8875741287320403
	0.700 : (7, 24)
	0.039 : (11, 24)
	0.240 : (21, 37)
 122 : 0.8929278888079119
	0.012 : (10, 31)
	0.049 : (12, 31)
	0.011 : (12, 33)
	0.045 : (14, 27)
	0.063 : (14, 30)
	0.012 : (14, 35)
	0.020 : (14, 38)
	0.016 : (16, 30)
	0.182 : (16, 35)
	0.179 : (18, 31)
	0.279 : (18, 33)
	0.111 : (18, 39)
 123 : 0.8933148024732814
	0.026 : (21, 27)
	0.019 : (21, 35)
	0.928 : (21, 38)
 124 : 0.9010799858925077
	0.032 : (12, 29)
	0.036 : (13, 31)
	0.034 : (14, 26)
	0.036 : (14, 28)
	0.048 : (15, 27)
	0.021 : (15, 30)
	0.240 : (16, 34)
	0.284 : (17, 35)
	0.048 : (18, 29)
	0.026 : (18, 32)
	0.052 : (19, 31)
	0.060 : (19, 33)
	0.015 : (19, 39)
 125 : 0.9129802632164508
	0.012 : (10, 26)
	0.010 : (10, 28)
	0.022 : (11, 27)
	0.095 : (12, 26)
	0.026 : (12, 28)
	0.027 : (12, 34)
	0.074 : (13, 27)
	0.020 : (13, 30)
	0.023 : (13, 35)
	0.093 : (14, 29)
	0.065 : (15, 31)
	0.084 : (16, 32)
	0.010 : (17, 31)
	0.102 : (17, 33)
	0.116 : (18, 34)
	0.153 : (19, 35)
 126 : 0.9165359478628019
	0.044 : (11, 26)
	0.120 : (13, 26)
	0.202 : (13, 34)
	0.018 : (13, 37)
	0.034 : (15, 29)
	0.126 : (15, 32)
	0.014 : (15, 36)
	0.063 : (17, 32)
	0.117 : (17, 36)
	0.018 : (19, 28)
	0.172 : (19, 34)
	0.029 : (19, 37)
 127 : 0.9217102440530562
	0.016 : (11, 29)
	0.067 : (13, 29)
	0.084 : (13, 32)
	0.036 : (13, 36)
	0.023 : (15, 26)
	0.133 : (15, 28)
	0.328 : (15, 34)
	0.020 : (15, 37)
	0.013 : (17, 26)
	0.010 : (17, 28)
	0.067 : (17, 34)
	0.066 : (17, 37)
	0.050 : (19, 29)
	0.045 : (19, 32)
	0.020 : (19, 36)
 128 : 0.9278993623276234
	0.022 : (10, 26)
	0.032 : (11, 27)
	0.053 : (12, 26)
	0.107 : (12, 34)
	0.011 : (12, 37)
	0.062 : (13, 27)
	0.104 : (13, 35)
	0.015 : (14, 29)
	0.063 : (14, 32)
	0.018 : (15, 31)
	0.058 : (15, 33)
	0.037 : (16, 32)
	0.063 : (16, 36)
	0.027 : (17, 33)
	0.063 : (17, 39)
	0.095 : (18, 34)
	0.015 : (18, 37)
	0.064 : (19, 35)
	0.015 : (19, 38)
 129 : 0.930592537894261
	0.043 : (10, 26)
	0.034 : (11, 27)
	0.029 : (12, 26)
	0.011 : (12, 34)
	0.034 : (13, 27)
	0.127 : (14, 32)
	0.128 : (15, 33)
	0.027 : (16, 32)
	0.026 : (16, 36)
	0.015 : (17, 31)
	0.023 : (17, 33)
	0.024 : (17, 39)
	0.019 : (18, 26)
	0.148 : (18, 34)
	0.031 : (18, 37)
	0.023 : (19, 27)
	0.170 : (19, 35)
	0.031 : (19, 38)
 130 : 0.9317456822180166
	0.051 : (6, 24)
	0.018 : (11, 25)
	0.069 : (20, 28)
	0.391 : (20, 34)
	0.016 : (20, 37)
	0.011 : (22, 29)
	0.421 : (22, 36)
 131 : 0.9350149678639909
	0.046 : (12, 29)
	0.050 : (12, 32)
	0.025 : (12, 36)
	0.031 : (13, 31)
	0.037 : (13, 33)
	0.014 : (13, 39)
	0.012 : (14, 26)
	0.099 : (14, 28)
	0.203 : (14, 34)
	0.015 : (14, 37)
	0.039 : (15, 30)
	0.125 : (15, 35)
	0.049 : (16, 34)
	0.034 : (16, 37)
	0.020 : (17, 35)
	0.035 : (17, 38)
	0.039 : (18, 29)
	0.037 : (18, 32)
	0.010 : (18, 36)
 132 : 0.9360001153709603
	0.099 : (20, 30)
	0.400 : (20, 35)
	0.019 : (20, 38)
	0.023 : (22, 31)
	0.010 : (22, 33)
	0.437 : (22, 39)
 133 : 0.9394502262765546
	0.064 : (10, 27)
	0.110 : (12, 27)
	0.222 : (12, 35)
	0.021 : (12, 38)
	0.034 : (14, 31)
	0.118 : (14, 33)
	0.064 : (16, 33)
	0.136 : (16, 39)
	0.146 : (18, 35)
	0.032 : (18, 38)
 134 : 0.9428955311498707
	0.032 : (20, 29)
	0.487 : (20, 32)
	0.038 : (20, 36)
	0.016 : (22, 28)
	0.411 : (22, 37)
 135 : 0.9456970448571322
	0.840 : (6, 24)
	0.011 : (7, 25)
	0.017 : (9, 23)
	0.033 : (10, 24)
	0.045 : (20, 34)
	0.026 : (22, 36)
 136 : 0.9473032605176949
	0.152 : (11, 26)
	0.012 : (11, 34)
	0.023 : (13, 26)
	0.090 : (13, 28)
	0.012 : (13, 37)
	0.232 : (15, 29)
	0.041 : (15, 32)
	0.064 : (15, 36)
	0.023 : (17, 32)
	0.089 : (17, 36)
	0.193 : (19, 28)
	0.034 : (19, 37)
 137 : 0.950001425487736
	0.092 : (12, 31)
	0.101 : (12, 33)
	0.042 : (12, 39)
	0.130 : (14, 30)
	0.365 : (14, 35)
	0.013 : (14, 38)
	0.064 : (16, 35)
	0.083 : (16, 38)
	0.030 : (18, 31)
	0.020 : (18, 39)
 138 : 0.952166139076417
	0.033 : (20, 31)
	0.518 : (20, 33)
	0.038 : (20, 39)
	0.032 : (22, 30)
	0.367 : (22, 38)
 139 : 0.9599659676085058
	0.088 : (9, 26)
	0.034 : (11, 29)
	0.049 : (11, 32)
	0.144 : (13, 32)
	0.041 : (15, 28)
	0.035 : (15, 34)
	0.051 : (15, 37)
	0.021 : (17, 26)
	0.049 : (17, 34)
	0.146 : (17, 37)
	0.182 : (19, 29)
	0.108 : (19, 32)
	0.031 : (19, 36)
 140 : 0.9613187158950743
	0.122 : (10, 26)
	0.018 : (11, 27)
	0.033 : (12, 26)
	0.057 : (12, 28)
	0.012 : (12, 37)
	0.015 : (13, 30)
	0.223 : (14, 29)
	0.026 : (14, 32)
	0.048 : (14, 36)
	0.018 : (15, 31)
	0.047 : (16, 32)
	0.039 : (16, 36)
	0.029 : (17, 39)
	0.168 : (18, 28)
	0.029 : (18, 34)
	0.019 : (18, 37)
	0.027 : (19, 30)
 141 : 0.9636471790415543
	0.038 : (13, 31)
	0.040 : (13, 33)
	0.087 : (14, 26)
	0.025 : (14, 28)
	0.029 : (14, 34)
	0.035 : (14, 37)
	0.062 : (15, 27)
	0.023 : (15, 30)
	0.167 : (15, 35)
	0.011 : (15, 38)
	0.011 : (17, 27)
	0.032 : (17, 38)
	0.072 : (18, 29)
	0.209 : (18, 32)
	0.077 : (19, 33)
	0.011 : (19, 39)
 142 : 0.9711541296956375
	0.011 : (12, 36)
	0.013 : (13, 39)
	0.027 : (14, 26)
	0.131 : (14, 28)
	0.150 : (15, 27)
	0.111 : (15, 30)
	0.040 : (15, 35)
	0.012 : (16, 26)
	0.114 : (16, 34)
	0.031 : (17, 27)
	0.157 : (17, 35)
	0.038 : (18, 29)
	0.102 : (19, 33)
 143 : 0.9751349577381542
	0.018 : (9, 26)
	0.035 : (9, 28)
	0.025 : (11, 29)
	0.012 : (11, 32)
	0.014 : (13, 32)
	0.280 : (15, 26)
	0.029 : (15, 28)
	0.078 : (15, 34)
	0.103 : (17, 26)
	0.123 : (17, 34)
	0.013 : (17, 37)
	0.199 : (19, 32)
	0.032 : (19, 36)
 144 : 0.9783180471042051
	0.033 : (8, 26)
	0.033 : (9, 27)
	0.022 : (10, 32)
	0.025 : (11, 31)
	0.023 : (11, 33)
	0.085 : (12, 32)
	0.032 : (13, 33)
	0.016 : (13, 39)
	0.051 : (14, 34)
	0.091 : (15, 30)
	0.018 : (15, 35)
	0.037 : (15, 38)
	0.017 : (16, 26)
	0.020 : (16, 34)
	0.076 : (16, 37)
	0.012 : (17, 27)
	0.047 : (17, 35)
	0.046 : (17, 38)
	0.033 : (18, 29)
	0.015 : (18, 36)
	0.147 : (19, 31)
	0.054 : (19, 33)
 145 : 0.9805455687848129
	0.011 : (10, 26)
	0.097 : (11, 27)
	0.018 : (11, 30)
	0.070 : (12, 26)
	0.172 : (13, 27)
	0.022 : (13, 30)
	0.012 : (13, 38)
	0.011 : (14, 32)
	0.143 : (15, 31)
	0.029 : (15, 33)
	0.037 : (15, 39)
	0.045 : (16, 32)
	0.091 : (17, 33)
	0.014 : (17, 39)
	0.137 : (19, 30)
	0.011 : (19, 35)
 146 : 0.9830108475570397
	0.134 : (10, 27)
	0.018 : (10, 30)
	0.015 : (10, 35)
	0.039 : (12, 27)
	0.075 : (12, 30)
	0.013 : (12, 38)
	0.239 : (14, 31)
	0.024 : (14, 33)
	0.063 : (14, 39)
	0.019 : (16, 33)
	0.084 : (16, 39)
	0.227 : (18, 30)
	0.026 : (18, 38)
 147 : 0.9842946059702345
	0.215 : (7, 23)
	0.734 : (9, 25)
	0.018 : (11, 23)
 148 : 0.9867101937265347
	0.013 : (8, 28)
	0.012 : (10, 29)
	0.011 : (11, 31)
	0.024 : (13, 31)
	0.017 : (13, 33)
	0.168 : (14, 26)
	0.038 : (14, 28)
	0.085 : (14, 34)
	0.091 : (15, 27)
	0.060 : (16, 26)
	0.092 : (16, 34)
	0.032 : (17, 27)
	0.014 : (17, 35)
	0.011 : (17, 38)
	0.130 : (18, 32)
	0.029 : (18, 36)
	0.013 : (19, 31)
	0.078 : (19, 33)
	0.012 : (19, 39)
 149 : 0.9916248096704334
	0.196 : (12, 26)
	0.041 : (12, 28)
	0.208 : (13, 27)
	0.070 : (13, 30)
	0.112 : (14, 29)
	0.034 : (14, 32)
	0.201 : (15, 31)
	0.020 : (15, 33)
	0.013 : (17, 31)
	0.022 : (19, 30)
 150 : 0.9918909810324901
	0.071 : (9, 29)
	0.041 : (11, 34)
	0.035 : (13, 26)
	0.327 : (13, 28)
	0.123 : (13, 34)
	0.031 : (15, 29)
	0.014 : (15, 32)
	0.043 : (15, 36)
	0.074 : (17, 29)
	0.029 : (17, 32)
	0.031 : (19, 26)
	0.140 : (19, 28)
 151 : 0.9923106802893902
	0.059 : (8, 27)
	0.035 : (10, 31)
	0.047 : (10, 33)
	0.140 : (12, 33)
	0.015 : (12, 39)
	0.021 : (14, 27)
	0.086 : (14, 30)
	0.040 : (14, 38)
	0.046 : (16, 27)
	0.083 : (16, 35)
	0.158 : (16, 38)
	0.184 : (18, 31)
	0.044 : (18, 33)
	0.019 : (18, 39)
 152 : 0.9961786019227009
	0.017 : (8, 30)
	0.031 : (10, 31)
	0.048 : (12, 31)
	0.271 : (14, 27)
	0.076 : (14, 35)
	0.022 : (14, 38)
	0.085 : (16, 27)
	0.063 : (16, 35)
	0.035 : (18, 31)
	0.266 : (18, 33)
	0.063 : (18, 39)
 153 : 1.0041582710477097
	0.015 : (8, 26)
	0.039 : (9, 27)
	0.031 : (11, 31)
	0.013 : (11, 33)
	0.094 : (12, 32)
	0.075 : (13, 33)
	0.039 : (14, 28)
	0.126 : (14, 34)
	0.037 : (15, 30)
	0.136 : (15, 35)
	0.018 : (15, 38)
	0.054 : (16, 37)
	0.060 : (17, 38)
	0.024 : (18, 29)
	0.028 : (18, 32)
	0.022 : (18, 36)
	0.046 : (19, 31)
	0.060 : (19, 33)
	0.046 : (19, 39)
 154 : 1.007415417764946
	0.028 : (8, 29)
	0.015 : (9, 31)
	0.018 : (10, 34)
	0.015 : (11, 35)
	0.055 : (12, 26)
	0.235 : (12, 28)
	0.128 : (12, 34)
	0.022 : (13, 27)
	0.085 : (13, 30)
	0.036 : (13, 35)
	0.021 : (14, 29)
	0.027 : (14, 36)
	0.025 : (15, 33)
	0.020 : (15, 39)
	0.046 : (16, 29)
	0.019 : (16, 32)
	0.018 : (17, 31)
	0.019 : (18, 26)
	0.071 : (18, 28)
	0.025 : (19, 27)
	0.022 : (19, 30)
 155 : 1.0094489073376787
	0.036 : (9, 26)
	0.048 : (9, 28)
	0.038 : (11, 32)
	0.431 : (13, 29)
	0.013 : (13, 32)
	0.022 : (13, 36)
	0.079 : (15, 28)
	0.208 : (17, 28)
	0.064 : (19, 29)
	0.021 : (19, 36)
 156 : 1.0101438892122758
	0.012 : (9, 31)
	0.019 : (10, 26)
	0.042 : (11, 27)
	0.104 : (12, 34)
	0.015 : (13, 27)
	0.018 : (13, 30)
	0.199 : (13, 35)
	0.019 : (14, 32)
	0.010 : (15, 31)
	0.162 : (16, 32)
	0.027 : (16, 36)
	0.175 : (17, 33)
	0.039 : (17, 39)
	0.011 : (18, 28)
	0.025 : (18, 34)
	0.033 : (19, 30)
 157 : 1.0188375308676014
	0.013 : (7, 28)
	0.020 : (9, 29)
	0.080 : (11, 34)
	0.238 : (13, 26)
	0.046 : (13, 28)
	0.030 : (13, 34)
	0.030 : (15, 29)
	0.058 : (15, 32)
	0.034 : (15, 36)
	0.147 : (17, 32)
	0.108 : (17, 36)
	0.011 : (19, 26)
	0.035 : (19, 28)
	0.116 : (19, 34)
 158 : 1.0210135118064878
	0.024 : (8, 31)
	0.021 : (10, 35)
	0.172 : (12, 27)
	0.259 : (12, 30)
	0.200 : (12, 35)
	0.067 : (14, 33)
	0.044 : (14, 39)
	0.055 : (16, 31)
	0.069 : (18, 27)
	0.038 : (18, 30)
	0.017 : (18, 35)
	0.013 : (18, 38)
 159 : 1.0248251012164544
	0.033 : (20, 29)
	0.034 : (20, 32)
	0.839 : (20, 36)
	0.061 : (22, 34)
	0.020 : (22, 37)
 160 : 1.026072875403205
	0.211 : (6, 23)
	0.613 : (8, 25)
	0.016 : (10, 23)
	0.113 : (20, 39)
	0.013 : (22, 35)
 161 : 1.0279096951448228
	0.025 : (8, 26)
	0.028 : (8, 28)
	0.027 : (10, 32)
	0.015 : (11, 33)
	0.425 : (12, 29)
	0.025 : (12, 36)
	0.014 : (13, 31)
	0.060 : (14, 28)
	0.023 : (15, 30)
	0.158 : (16, 28)
	0.018 : (16, 34)
	0.027 : (17, 30)
	0.045 : (18, 29)
	0.022 : (18, 36)
	0.015 : (19, 31)
 162 : 1.0293593447310725
	0.012 : (9, 31)
	0.060 : (10, 34)
	0.011 : (11, 27)
	0.044 : (11, 35)
	0.111 : (12, 26)
	0.101 : (13, 27)
	0.022 : (13, 30)
	0.014 : (13, 35)
	0.045 : (14, 29)
	0.028 : (14, 36)
	0.038 : (15, 33)
	0.018 : (15, 39)
	0.034 : (16, 32)
	0.055 : (16, 36)
	0.108 : (17, 33)
	0.053 : (17, 39)
	0.029 : (18, 28)
	0.024 : (18, 34)
	0.036 : (19, 30)
	0.076 : (19, 35)
 163 : 1.031309666685266
	0.024 : (6, 23)
	0.111 : (8, 25)
	0.036 : (20, 31)
	0.031 : (20, 33)
	0.707 : (20, 39)
	0.057 : (22, 35)
	0.021 : (22, 38)
 164 : 1.0336718334677373
	0.021 : (7, 34)
	0.027 : (9, 32)
	0.369 : (11, 26)
	0.052 : (11, 28)
	0.010 : (11, 37)
	0.010 : (13, 26)
	0.059 : (13, 34)
	0.013 : (13, 37)
	0.243 : (15, 32)
	0.041 : (17, 32)
	0.013 : (17, 36)
	0.054 : (19, 26)
	0.053 : (19, 34)
 165 : 1.0378448624552261
	0.020 : (11, 35)
	0.192 : (12, 28)
	0.021 : (12, 34)
	0.126 : (13, 30)
	0.042 : (13, 35)
	0.045 : (14, 29)
	0.067 : (14, 32)
	0.066 : (15, 31)
	0.088 : (15, 33)
	0.012 : (15, 39)
	0.033 : (16, 29)
	0.069 : (16, 32)
	0.011 : (16, 36)
	0.015 : (17, 31)
	0.012 : (17, 33)
	0.070 : (18, 34)
	0.014 : (19, 27)
	0.037 : (19, 35)
 166 : 1.0390942701008303
	0.026 : (20, 26)
	0.019 : (20, 34)
	0.877 : (20, 37)
	0.057 : (22, 32)
 167 : 1.0415170258500168
	0.012 : (6, 25)
	0.026 : (20, 27)
	0.013 : (20, 30)
	0.029 : (20, 35)
	0.840 : (20, 38)
	0.061 : (22, 33)
	0.011 : (22, 39)
 168 : 1.0417607438751972
	0.018 : (9, 27)
	0.045 : (9, 30)
	0.025 : (11, 33)
	0.090 : (12, 29)
	0.443 : (13, 31)
	0.017 : (13, 33)
	0.024 : (13, 39)
	0.012 : (14, 34)
	0.047 : (15, 30)
	0.011 : (15, 35)
	0.136 : (17, 30)
	0.043 : (19, 31)
	0.030 : (19, 39)
 169 : 1.0418067213819633
	0.018 : (6, 30)
	0.024 : (8, 31)
	0.016 : (10, 27)
	0.165 : (10, 35)
	0.156 : (12, 27)
	0.066 : (14, 31)
	0.086 : (14, 39)
	0.129 : (16, 33)
	0.120 : (16, 39)
	0.099 : (18, 30)
	0.069 : (18, 35)
 170 : 1.0428844946463438
	0.048 : (9, 26)
	0.071 : (9, 28)
	0.017 : (9, 34)
	0.233 : (11, 29)
	0.102 : (11, 32)
	0.060 : (13, 29)
	0.023 : (13, 32)
	0.017 : (13, 36)
	0.184 : (15, 28)
	0.067 : (15, 34)
	0.038 : (15, 37)
	0.012 : (19, 29)
	0.056 : (19, 32)
	0.025 : (19, 36)
 171 : 1.043624806328255
	0.013 : (7, 35)
	0.091 : (10, 26)
	0.043 : (10, 28)
	0.248 : (11, 27)
	0.024 : (11, 30)
	0.050 : (13, 35)
	0.116 : (14, 32)
	0.143 : (15, 33)
	0.014 : (17, 33)
	0.025 : (18, 26)
	0.032 : (18, 34)
	0.024 : (19, 27)
	0.023 : (19, 30)
	0.036 : (19, 35)
 172 : 1.0462830826181282
	0.020 : (7, 26)
	0.021 : (7, 34)
	0.025 : (9, 29)
	0.040 : (9, 32)
	0.056 : (11, 26)
	0.247 : (11, 28)
	0.109 : (11, 34)
	0.038 : (13, 28)
	0.110 : (13, 34)
	0.037 : (15, 29)
	0.031 : (15, 32)
	0.053 : (15, 36)
	0.086 : (17, 29)
	0.058 : (17, 32)
	0.023 : (19, 26)
	0.012 : (19, 28)
	0.016 : (19, 37)
 173 : 1.0522029587034363
	0.042 : (8, 27)
	0.037 : (8, 30)
	0.092 : (10, 33)
	0.283 : (12, 31)
	0.032 : (12, 39)
	0.139 : (14, 30)
	0.020 : (14, 38)
	0.168 : (16, 30)
	0.011 : (16, 35)
	0.022 : (16, 38)
	0.075 : (18, 31)
	0.017 : (18, 33)
	0.037 : (18, 39)
 174 : 1.0538058862638222
	0.019 : (6, 35)
	0.351 : (10, 27)
	0.055 : (10, 30)
	0.013 : (10, 38)
	0.061 : (12, 35)
	0.014 : (12, 38)
	0.267 : (14, 33)
	0.012 : (16, 33)
	0.041 : (18, 27)
	0.037 : (18, 30)
	0.081 : (18, 35)
 175 : 1.0572517318037058
	0.013 : (8, 32)
	0.366 : (10, 26)
	0.161 : (11, 27)
	0.011 : (11, 35)
	0.021 : (12, 34)
	0.025 : (14, 29)
	0.127 : (14, 32)
	0.019 : (15, 31)
	0.065 : (15, 33)
	0.011 : (15, 39)
	0.020 : (16, 32)
	0.013 : (18, 26)
	0.020 : (18, 34)
	0.014 : (19, 30)
	0.012 : (19, 35)
 176 : 1.0608451370420664
	0.027 : (8, 28)
	0.027 : (9, 27)
	0.038 : (9, 30)
	0.113 : (10, 29)
	0.039 : (10, 32)
	0.110 : (11, 31)
	0.043 : (11, 33)
	0.040 : (12, 29)
	0.014 : (12, 32)
	0.073 : (13, 31)
	0.018 : (13, 33)
	0.062 : (14, 28)
	0.021 : (14, 34)
	0.021 : (14, 37)
	0.090 : (15, 30)
	0.039 : (15, 35)
	0.023 : (15, 38)
	0.010 : (16, 28)
	0.018 : (17, 30)
	0.018 : (18, 32)
	0.025 : (18, 36)
	0.037 : (19, 33)
	0.013 : (19, 39)
 177 : 1.063759724719057
	0.013 : (8, 29)
	0.019 : (8, 32)
	0.018 : (9, 33)
	0.048 : (10, 26)
	0.118 : (10, 28)
	0.045 : (10, 34)
	0.021 : (11, 27)
	0.047 : (11, 30)
	0.034 : (11, 35)
	0.013 : (12, 26)
	0.066 : (12, 28)
	0.134 : (12, 34)
	0.016 : (13, 30)
	0.030 : (13, 35)
	0.032 : (14, 32)
	0.023 : (14, 36)
	0.020 : (15, 39)
	0.078 : (16, 29)
	0.069 : (16, 32)
	0.033 : (17, 31)
	0.021 : (17, 33)
	0.015 : (18, 26)
 178 : 1.0664210488525345
	0.029 : (6, 24)
	0.873 : (7, 25)
	0.054 : (9, 23)
	0.021 : (11, 25)
	0.011 : (13, 25)
 179 : 1.0723378586003474
	0.024 : (9, 31)
	0.020 : (9, 33)
	0.024 : (11, 27)
	0.077 : (11, 30)
	0.010 : (11, 35)
	0.048 : (12, 26)
	0.088 : (12, 28)
	0.091 : (12, 34)
	0.123 : (13, 30)
	0.112 : (13, 35)
	0.029 : (14, 29)
	0.022 : (14, 32)
	0.036 : (15, 33)
	0.023 : (16, 29)
	0.011 : (16, 32)
	0.048 : (16, 36)
	0.060 : (17, 31)
	0.057 : (17, 33)
	0.029 : (17, 39)
 180 : 1.0726941482450718
	0.026 : (7, 28)
	0.070 : (9, 29)
	0.035 : (11, 26)
	0.167 : (11, 28)
	0.046 : (13, 26)
	0.213 : (13, 28)
	0.096 : (13, 34)
	0.131 : (15, 29)
	0.014 : (15, 32)
	0.048 : (15, 36)
	0.066 : (17, 29)
	0.048 : (19, 37)
 181 : 1.0728445467564454
	0.013 : (8, 26)
	0.040 : (9, 27)
	0.086 : (10, 29)
	0.071 : (10, 32)
	0.054 : (11, 31)
	0.059 : (11, 33)
	0.019 : (12, 36)
	0.012 : (13, 39)
	0.040 : (14, 28)
	0.089 : (14, 34)
	0.057 : (14, 37)
	0.040 : (15, 30)
	0.061 : (15, 35)
	0.047 : (15, 38)
	0.063 : (16, 37)
	0.037 : (17, 38)
	0.016 : (18, 29)
	0.025 : (18, 32)
	0.059 : (18, 36)
	0.012 : (19, 31)
	0.028 : (19, 33)
	0.023 : (19, 39)
 182 : 1.079282037159835
	0.018 : (8, 27)
	0.063 : (8, 30)
	0.011 : (8, 35)
	0.211 : (10, 31)
	0.057 : (10, 33)
	0.187 : (12, 31)
	0.043 : (12, 33)
	0.097 : (14, 30)
	0.051 : (14, 35)
	0.049 : (14, 38)
	0.067 : (16, 30)
	0.043 : (18, 33)
	0.052 : (18, 39)
 183 : 1.0837085300810516
	0.010 : (6, 35)
	0.019 : (8, 31)
	0.039 : (8, 33)
	0.055 : (10, 27)
	0.156 : (10, 30)
	0.063 : (10, 35)
	0.148 : (12, 30)
	0.143 : (12, 35)
	0.025 : (14, 33)
	0.032 : (14, 39)
	0.137 : (16, 31)
	0.111 : (16, 33)
	0.017 : (18, 27)
	0.020 : (18, 38)
 184 : 1.08503628735132
	0.836 : (6, 25)
	0.086 : (8, 23)
	0.038 : (10, 25)
	0.020 : (20, 38)
 185 : 1.0938082280137729
	0.016 : (7, 29)
	0.033 : (7, 32)
	0.260 : (9, 26)
	0.013 : (9, 28)
	0.022 : (9, 34)
	0.017 : (11, 32)
	0.048 : (11, 36)
	0.020 : (13, 32)
	0.013 : (13, 36)
	0.080 : (15, 34)
	0.017 : (17, 34)
	0.084 : (17, 37)
	0.032 : (19, 29)
	0.313 : (19, 36)
 186 : 1.0941829746788951
	0.028 : (8, 29)
	0.015 : (9, 31)
	0.027 : (10, 26)
	0.117 : (10, 28)
	0.025 : (11, 27)
	0.059 : (11, 30)
	0.010 : (12, 26)
	0.043 : (12, 28)
	0.023 : (12, 34)
	0.022 : (13, 27)
	0.203 : (13, 30)
	0.035 : (13, 35)
	0.034 : (14, 29)
	0.025 : (14, 36)
	0.085 : (15, 31)
	0.018 : (15, 39)
	0.010 : (16, 29)
	0.049 : (17, 31)
	0.060 : (18, 37)
	0.064 : (19, 38)
 187 : 1.103639594651656
	0.014 : (7, 26)
	0.025 : (7, 28)
	0.014 : (7, 37)
	0.041 : (9, 29)
	0.011 : (9, 36)
	0.061 : (11, 26)
	0.021 : (11, 28)
	0.027 : (11, 34)
	0.104 : (13, 37)
	0.019 : (15, 29)
	0.049 : (15, 32)
	0.012 : (15, 36)
	0.107 : (17, 36)
	0.026 : (19, 26)
	0.431 : (19, 37)
 188 : 1.1080640244244178
	0.016 : (7, 33)
	0.071 : (8, 26)
	0.159 : (9, 27)
	0.012 : (9, 35)
	0.013 : (10, 32)
	0.016 : (10, 36)
	0.025 : (11, 39)
	0.012 : (13, 33)
	0.011 : (13, 39)
	0.029 : (14, 34)
	0.051 : (15, 35)
	0.056 : (17, 38)
	0.013 : (18, 29)
	0.141 : (18, 36)
	0.022 : (19, 31)
	0.229 : (19, 39)
 189 : 1.110884788551054
	0.022 : (8, 31)
	0.071 : (10, 27)
	0.147 : (10, 30)
	0.030 : (12, 27)
	0.187 : (12, 30)
	0.032 : (12, 35)
	0.012 : (12, 38)
	0.091 : (14, 31)
	0.039 : (14, 39)
	0.035 : (16, 31)
	0.300 : (18, 38)
 190 : 1.1127866643005755
	0.011 : (7, 29)
	0.041 : (9, 26)
	0.059 : (9, 28)
	0.012 : (9, 34)
	0.216 : (11, 29)
	0.075 : (11, 32)
	0.123 : (13, 29)
	0.190 : (13, 32)
	0.037 : (15, 28)
	0.074 : (15, 37)
	0.012 : (17, 26)
	0.110 : (19, 36)
 191 : 1.1162505128481728
	0.013 : (6, 28)
	0.017 : (7, 30)
	0.025 : (8, 29)
	0.029 : (9, 31)
	0.014 : (10, 26)
	0.034 : (10, 28)
	0.024 : (11, 27)
	0.032 : (11, 30)
	0.010 : (11, 35)
	0.047 : (12, 37)
	0.061 : (13, 38)
	0.015 : (14, 29)
	0.025 : (14, 32)
	0.022 : (15, 31)
	0.041 : (15, 33)
	0.032 : (16, 36)
	0.053 : (17, 39)
	0.013 : (18, 26)
	0.190 : (18, 37)
	0.014 : (19, 27)
	0.196 : (19, 38)
 192 : 1.1223585621062724
	0.018 : (7, 32)
	0.051 : (9, 26)
	0.044 : (9, 37)
	0.029 : (13, 29)
	0.148 : (13, 32)
	0.021 : (15, 34)
	0.117 : (15, 37)
	0.017 : (17, 26)
	0.366 : (17, 37)
	0.022 : (19, 32)
	0.121 : (19, 36)
 193 : 1.1229591603715567
	0.016 : (6, 31)
	0.017 : (6, 33)
	0.173 : (8, 27)
	0.015 : (8, 35)
	0.036 : (10, 33)
	0.032 : (10, 39)
	0.038 : (12, 33)
	0.022 : (12, 39)
	0.089 : (14, 35)
	0.015 : (14, 38)
	0.042 : (18, 31)
	0.010 : (18, 33)
	0.430 : (18, 39)
 194 : 1.129125404999056
	0.016 : (8, 26)
	0.037 : (8, 28)
	0.228 : (10, 29)
	0.037 : (10, 32)
	0.023 : (11, 31)
	0.013 : (11, 33)
	0.062 : (12, 29)
	0.251 : (12, 32)
	0.011 : (13, 31)
	0.015 : (13, 33)
	0.035 : (14, 28)
	0.020 : (14, 34)
	0.091 : (14, 37)
	0.016 : (15, 38)
	0.014 : (16, 26)
	0.018 : (16, 37)
	0.049 : (18, 36)
 195 : 1.1314774135827372
	0.011 : (8, 29)
	0.018 : (9, 31)
	0.027 : (10, 26)
	0.108 : (10, 28)
	0.032 : (10, 34)
	0.028 : (11, 27)
	0.073 : (11, 30)
	0.020 : (11, 35)
	0.030 : (12, 37)
	0.024 : (13, 38)
	0.024 : (14, 32)
	0.024 : (14, 36)
	0.022 : (15, 33)
	0.029 : (15, 39)
	0.059 : (16, 36)
	0.079 : (17, 39)
	0.193 : (18, 37)
	0.128 : (19, 38)
 196 : 1.1315333339116134
	0.013 : (6, 27)
	0.039 : (6, 30)
	0.075 : (8, 31)
	0.024 : (8, 33)
	0.013 : (10, 27)
	0.178 : (10, 30)
	0.010 : (10, 35)
	0.023 : (12, 30)
	0.098 : (12, 38)
	0.074 : (14, 31)
	0.074 : (14, 33)
	0.020 : (16, 33)
	0.056 : (16, 39)
	0.024 : (18, 27)
	0.016 : (18, 35)
	0.245 : (18, 38)
 197 : 1.1331864060497578
	0.014 : (8, 28)
	0.088 : (9, 27)
	0.045 : (10, 29)
	0.011 : (10, 32)
	0.025 : (11, 33)
	0.020 : (12, 29)
	0.096 : (12, 32)
	0.020 : (12, 36)
	0.047 : (14, 34)
	0.045 : (14, 37)
	0.060 : (16, 37)
	0.076 : (17, 38)
	0.012 : (18, 29)
	0.017 : (18, 32)
	0.321 : (18, 36)
	0.030 : (19, 39)
 198 : 1.1339658607810215
	0.341 : (7, 26)
	0.050 : (9, 29)
	0.196 : (9, 32)
	0.039 : (9, 36)
	0.040 : (11, 34)
	0.057 : (11, 37)
	0.077 : (13, 34)
	0.032 : (13, 37)
	0.023 : (15, 29)
	0.029 : (15, 36)
	0.053 : (17, 36)
	0.020 : (19, 34)
 199 : 1.135252663458803
	0.023 : (8, 26)
	0.029 : (9, 38)
	0.015 : (10, 32)
	0.030 : (12, 32)
	0.334 : (13, 33)
	0.016 : (14, 34)
	0.061 : (15, 35)
	0.110 : (15, 38)
	0.022 : (16, 37)
	0.017 : (17, 27)
	0.015 : (17, 30)
	0.172 : (17, 38)
	0.080 : (19, 39)
 200 : 1.140518565228602
	0.012 : (7, 31)
	0.026 : (9, 27)
	0.078 : (9, 30)
	0.026 : (10, 29)
	0.205 : (11, 31)
	0.030 : (11, 33)
	0.023 : (12, 32)
	0.117 : (13, 31)
	0.081 : (13, 33)
	0.012 : (13, 39)
	0.038 : (15, 30)
	0.018 : (16, 37)
	0.029 : (17, 38)
	0.028 : (18, 36)
	0.197 : (19, 39)
 201 : 1.143513294961915
	0.019 : (7, 26)
	0.148 : (9, 32)
	0.039 : (9, 36)
	0.046 : (11, 28)
	0.298 : (11, 34)
	0.057 : (11, 37)
	0.019 : (13, 26)
	0.048 : (13, 34)
	0.017 : (15, 32)
	0.124 : (17, 36)
	0.145 : (19, 37)
 202 : 1.1473805455504844
	0.019 : (8, 27)
	0.018 : (8, 30)
	0.025 : (8, 38)
	0.158 : (10, 31)
	0.284 : (12, 33)
	0.043 : (14, 30)
	0.019 : (14, 35)
	0.155 : (14, 38)
	0.015 : (16, 27)
	0.016 : (16, 30)
	0.194 : (16, 38)
 203 : 1.1484307818393502
	0.014 : (6, 26)
	0.045 : (7, 27)
	0.011 : (8, 29)
	0.012 : (8, 32)
	0.024 : (9, 33)
	0.018 : (9, 39)
	0.199 : (10, 28)
	0.223 : (11, 30)
	0.051 : (11, 35)
	0.026 : (12, 34)
	0.011 : (12, 37)
	0.011 : (13, 30)
	0.083 : (13, 35)
	0.012 : (14, 32)
	0.019 : (15, 39)
	0.014 : (16, 32)
	0.028 : (16, 36)
	0.066 : (17, 39)
	0.021 : (18, 37)
	0.037 : (19, 38)
 204 : 1.1512735384237738
	0.078 : (6, 26)
	0.148 : (7, 27)
	0.032 : (8, 32)
	0.025 : (8, 36)
	0.055 : (9, 31)
	0.050 : (9, 33)
	0.022 : (9, 39)
	0.043 : (10, 28)
	0.046 : (10, 34)
	0.023 : (11, 30)
	0.059 : (11, 35)
	0.017 : (11, 38)
	0.064 : (12, 34)
	0.019 : (13, 35)
	0.022 : (13, 38)
	0.025 : (14, 36)
	0.021 : (15, 31)
	0.091 : (16, 36)
	0.024 : (17, 39)
	0.012 : (19, 35)
	0.048 : (19, 38)
 205 : 1.1548784094543643
	0.017 : (7, 29)
	0.090 : (9, 26)
	0.238 : (9, 34)
	0.025 : (9, 37)
	0.042 : (11, 29)
	0.247 : (11, 32)
	0.070 : (11, 36)
	0.118 : (13, 36)
	0.012 : (15, 34)
	0.018 : (15, 37)
	0.024 : (17, 37)
	0.012 : (19, 32)
	0.055 : (19, 36)
 206 : 1.1559283288322524
	0.044 : (6, 33)
	0.154 : (8, 27)
	0.061 : (8, 30)
	0.023 : (8, 38)
	0.134 : (10, 31)
	0.095 : (10, 33)
	0.117 : (12, 31)
	0.030 : (14, 30)
	0.012 : (16, 35)
	0.213 : (16, 38)
	0.090 : (18, 39)
 207 : 1.1612916749981699
	0.032 : (6, 26)
	0.042 : (7, 27)
	0.075 : (8, 32)
	0.018 : (9, 31)
	0.129 : (9, 33)
	0.015 : (9, 39)
	0.075 : (10, 34)
	0.032 : (10, 37)
	0.042 : (11, 30)
	0.174 : (11, 35)
	0.053 : (11, 38)
	0.020 : (13, 35)
	0.010 : (13, 38)
	0.038 : (16, 36)
	0.058 : (17, 39)
	0.057 : (18, 37)
	0.045 : (19, 38)
 208 : 1.1645383776856724
	0.024 : (6, 32)
	0.193 : (8, 26)
	0.011 : (8, 28)
	0.027 : (8, 37)
	0.120 : (9, 27)
	0.128 : (10, 32)
	0.014 : (14, 37)
	0.322 : (16, 37)
	0.075 : (17, 38)
 209 : 1.1703730853968446
	0.185 : (6, 27)
	0.042 : (8, 31)
	0.042 : (8, 33)
	0.065 : (8, 39)
	0.236 : (10, 35)
	0.011 : (10, 38)
	0.091 : (12, 35)
	0.033 : (14, 31)
	0.025 : (14, 39)
	0.185 : (16, 39)
	0.010 : (18, 35)
	0.028 : (18, 38)
 210 : 1.1721276730641024
	0.011 : (6, 29)
	0.010 : (7, 31)
	0.104 : (8, 26)
	0.051 : (8, 34)
	0.022 : (9, 27)
	0.140 : (9, 35)
	0.017 : (9, 38)
	0.050 : (10, 29)
	0.013 : (10, 32)
	0.038 : (10, 36)
	0.218 : (11, 33)
	0.033 : (11, 39)
	0.022 : (12, 36)
	0.017 : (13, 33)
	0.084 : (13, 39)
	0.026 : (15, 38)
	0.025 : (17, 38)
	0.010 : (19, 33)
	0.048 : (19, 39)
 211 : 1.1811369774135936
	0.179 : (6, 27)
	0.035 : (8, 31)
	0.257 : (8, 33)
	0.040 : (10, 30)
	0.136 : (10, 35)
	0.116 : (10, 38)
	0.011 : (12, 27)
	0.011 : (12, 30)
	0.010 : (12, 35)
	0.028 : (12, 38)
	0.010 : (14, 33)
	0.058 : (16, 39)
	0.077 : (18, 38)
 212 : 1.184596083920071
	0.039 : (8, 34)
	0.022 : (9, 27)
	0.136 : (10, 29)
	0.062 : (10, 32)
	0.186 : (11, 31)
	0.015 : (11, 39)
	0.104 : (12, 32)
	0.057 : (12, 36)
	0.046 : (13, 33)
	0.019 : (14, 34)
	0.096 : (14, 37)
	0.019 : (15, 35)
	0.047 : (15, 38)
	0.010 : (16, 28)
	0.023 : (17, 38)
	0.014 : (18, 32)
	0.032 : (18, 36)
	0.017 : (19, 39)
 213 : 1.1864928311195744
	0.127 : (7, 29)
	0.036 : (7, 36)
	0.318 : (9, 28)
	0.064 : (9, 34)
	0.134 : (11, 29)
	0.022 : (11, 36)
	0.054 : (13, 32)
	0.017 : (13, 36)
	0.050 : (15, 34)
	0.099 : (15, 37)
	0.025 : (17, 28)
	0.012 : (19, 32)
	0.014 : (19, 36)
 214 : 1.1897691151315402
	0.021 : (6, 26)
	0.016 : (6, 28)
	0.036 : (8, 29)
	0.020 : (8, 36)
	0.018 : (9, 31)
	0.011 : (9, 39)
	0.041 : (10, 28)
	0.227 : (10, 34)
	0.049 : (11, 30)
	0.137 : (11, 35)
	0.040 : (12, 34)
	0.017 : (13, 35)
	0.133 : (16, 36)
	0.055 : (17, 39)
	0.076 : (18, 37)
	0.058 : (19, 38)
 215 : 1.1925223735491954
	0.032 : (6, 31)
	0.148 : (8, 27)
	0.013 : (8, 30)
	0.181 : (8, 35)
	0.015 : (8, 38)
	0.054 : (10, 31)
	0.229 : (10, 33)
	0.101 : (10, 39)
	0.107 : (12, 39)
	0.035 : (16, 38)
	0.023 : (18, 39)
 216 : 1.205673541349725
	0.027 : (7, 26)
	0.040 : (7, 28)
	0.037 : (7, 34)
	0.015 : (7, 37)
	0.158 : (9, 29)
	0.025 : (9, 32)
	0.037 : (9, 36)
	0.124 : (11, 28)
	0.144 : (11, 34)
	0.030 : (13, 34)
	0.028 : (13, 37)
	0.010 : (15, 29)
	0.025 : (15, 32)
	0.089 : (15, 36)
	0.010 : (17, 32)
	0.128 : (17, 36)
	0.018 : (19, 34)
	0.037 : (19, 37)
 217 : 1.2102468947289997
	0.057 : (6, 29)
	0.011 : (6, 36)
	0.048 : (7, 31)
	0.019 : (7, 39)
	0.122 : (8, 28)
	0.012 : (8, 34)
	0.128 : (9, 30)
	0.059 : (9, 35)
	0.027 : (10, 29)
	0.016 : (10, 36)
	0.075 : (11, 31)
	0.030 : (12, 32)
	0.013 : (12, 36)
	0.038 : (13, 33)
	0.030 : (13, 39)
	0.019 : (14, 34)
	0.066 : (14, 37)
	0.025 : (15, 35)
	0.113 : (15, 38)
	0.012 : (17, 30)
	0.011 : (19, 33)
 218 : 1.2154077731542448
	0.017 : (6, 26)
	0.142 : (10, 34)
	0.118 : (11, 35)
	0.034 : (12, 37)
	0.038 : (13, 38)
	0.014 : (15, 33)
	0.087 : (16, 36)
	0.120 : (17, 39)
	0.139 : (18, 37)
	0.168 : (19, 38)
 219 : 1.2230547610109936
	0.026 : (6, 26)
	0.014 : (6, 34)
	0.011 : (7, 30)
	0.019 : (7, 35)
	0.020 : (8, 29)
	0.015 : (8, 36)
	0.064 : (9, 31)
	0.040 : (9, 33)
	0.017 : (9, 39)
	0.026 : (10, 28)
	0.066 : (10, 34)
	0.053 : (11, 30)
	0.067 : (11, 35)
	0.016 : (12, 34)
	0.036 : (12, 37)
	0.029 : (13, 35)
	0.010 : (13, 38)
	0.084 : (14, 36)
	0.105 : (15, 39)
	0.059 : (16, 36)
	0.091 : (17, 39)
	0.013 : (18, 37)
	0.017 : (19, 35)
	0.012 : (19, 38)
 220 : 1.2233693967714463
	0.031 : (6, 29)
	0.153 : (8, 26)
	0.058 : (8, 28)
	0.060 : (8, 34)
	0.154 : (9, 27)
	0.032 : (9, 30)
	0.018 : (10, 29)
	0.152 : (10, 32)
	0.041 : (10, 36)
	0.018 : (11, 31)
	0.138 : (11, 33)
	0.037 : (12, 36)
	0.018 : (16, 37)
	0.013 : (17, 38)
 221 : 1.23070234470379
	0.072 : (6, 31)
	0.021 : (6, 39)
	0.164 : (8, 30)
	0.043 : (8, 35)
	0.065 : (10, 31)
	0.016 : (10, 33)
	0.024 : (10, 39)
	0.091 : (12, 33)
	0.077 : (12, 39)
	0.034 : (14, 35)
	0.301 : (14, 38)
	0.016 : (16, 30)
	0.026 : (16, 38)
	0.027 : (18, 33)
	0.013 : (18, 39)
 222 : 1.2323353322897728
	0.015 : (7, 26)
	0.066 : (7, 28)
	0.182 : (9, 29)
	0.049 : (11, 28)
	0.072 : (13, 34)
	0.447 : (15, 36)
	0.085 : (17, 36)
	0.029 : (19, 34)
	0.014 : (19, 37)
 223 : 1.237346802793837
	0.029 : (7, 29)
	0.013 : (7, 32)
	0.065 : (9, 28)
	0.024 : (9, 34)
	0.022 : (9, 37)
	0.112 : (11, 32)
	0.040 : (13, 32)
	0.057 : (13, 36)
	0.012 : (15, 28)
	0.420 : (15, 37)
	0.132 : (17, 37)
	0.027 : (19, 32)
 224 : 1.2380243787308838
	0.111 : (6, 26)
	0.047 : (7, 27)
	0.041 : (8, 29)
	0.194 : (8, 32)
	0.038 : (9, 31)
	0.100 : (9, 33)
	0.011 : (10, 28)
	0.066 : (10, 34)
	0.051 : (10, 37)
	0.015 : (11, 35)
	0.014 : (11, 38)
	0.031 : (12, 34)
	0.036 : (12, 37)
	0.036 : (13, 38)
	0.132 : (14, 36)
	0.012 : (15, 39)
	0.027 : (16, 36)
	0.011 : (18, 34)
 225 : 1.2392017226304075
	0.025 : (6, 35)
	0.042 : (8, 31)
	0.030 : (8, 33)
	0.026 : (8, 39)
	0.048 : (10, 30)
	0.139 : (10, 35)
	0.013 : (10, 38)
	0.061 : (12, 35)
	0.045 : (12, 38)
	0.013 : (14, 33)
	0.299 : (14, 39)
	0.166 : (16, 39)
	0.031 : (18, 35)
	0.014 : (18, 38)
 226 : 1.2462814855471422
	0.013 : (7, 32)
	0.194 : (9, 26)
	0.163 : (9, 34)
	0.038 : (11, 29)
	0.128 : (11, 32)
	0.011 : (11, 36)
	0.033 : (13, 32)
	0.256 : (13, 36)
	0.031 : (15, 34)
	0.039 : (15, 37)
	0.015 : (17, 26)
	0.036 : (17, 37)
	0.017 : (19, 36)
 227 : 1.2514571974143422
	0.050 : (6, 28)
	0.046 : (7, 30)
	0.118 : (8, 29)
	0.074 : (9, 31)
	0.027 : (10, 28)
	0.040 : (11, 30)
	0.023 : (12, 34)
	0.020 : (12, 37)
	0.033 : (13, 35)
	0.046 : (13, 38)
	0.131 : (14, 36)
	0.014 : (15, 33)
	0.193 : (15, 39)
	0.019 : (16, 36)
	0.027 : (17, 39)
	0.018 : (18, 37)
	0.011 : (19, 35)
	0.020 : (19, 38)
 228 : 1.2519085157980787
	0.015 : (6, 29)
	0.023 : (7, 31)
	0.013 : (7, 33)
	0.011 : (7, 39)
	0.029 : (8, 28)
	0.064 : (9, 30)
	0.095 : (9, 35)
	0.015 : (9, 38)
	0.016 : (10, 32)
	0.036 : (11, 33)
	0.010 : (12, 32)
	0.034 : (13, 33)
	0.103 : (14, 37)
	0.011 : (15, 30)
	0.012 : (15, 35)
	0.276 : (15, 38)
	0.036 : (16, 37)
	0.114 : (17, 38)
	0.017 : (19, 33)
 229 : 1.2577107866152106
	0.012 : (6, 26)
	0.035 : (6, 28)
	0.010 : (7, 27)
	0.021 : (7, 30)
	0.097 : (8, 29)
	0.025 : (8, 32)
	0.063 : (9, 31)
	0.013 : (10, 28)
	0.013 : (11, 30)
	0.018 : (12, 34)
	0.022 : (13, 35)
	0.241 : (14, 36)
	0.267 : (15, 39)
	0.015 : (16, 36)
	0.019 : (17, 39)
	0.018 : (18, 37)
	0.022 : (19, 38)
 230 : 1.25928339847231
	0.026 : (6, 29)
	0.026 : (8, 26)
	0.040 : (8, 28)
	0.015 : (8, 37)
	0.015 : (9, 27)
	0.023 : (9, 35)
	0.027 : (10, 29)
	0.200 : (10, 32)
	0.031 : (12, 36)
	0.029 : (13, 39)
	0.250 : (14, 37)
	0.010 : (15, 35)
	0.113 : (15, 38)
	0.065 : (16, 37)
	0.043 : (17, 38)
 231 : 1.2610806367794907
	0.043 : (7, 26)
	0.031 : (7, 34)
	0.114 : (9, 29)
	0.029 : (11, 28)
	0.033 : (11, 37)
	0.013 : (13, 28)
	0.539 : (13, 37)
	0.026 : (15, 32)
	0.041 : (17, 32)
	0.076 : (19, 37)
 232 : 1.2635125376447647
	0.027 : (7, 31)
	0.063 : (8, 26)
	0.068 : (9, 27)
	0.034 : (9, 30)
	0.072 : (9, 35)
	0.059 : (11, 31)
	0.152 : (11, 33)
	0.014 : (11, 39)
	0.050 : (12, 36)
	0.223 : (13, 39)
	0.013 : (14, 34)
	0.066 : (14, 37)
	0.017 : (15, 38)
	0.030 : (16, 37)
	0.011 : (17, 35)
	0.025 : (19, 39)
 233 : 1.2686619197076825
	0.080 : (6, 30)
	0.017 : (6, 35)
	0.016 : (6, 38)
	0.115 : (8, 31)
	0.048 : (10, 30)
	0.052 : (12, 35)
	0.238 : (12, 38)
	0.038 : (14, 33)
	0.224 : (14, 39)
	0.029 : (16, 33)
	0.032 : (16, 39)
	0.012 : (18, 35)
	0.065 : (18, 38)
 234 : 1.2714854282754926
	0.072 : (6, 31)
	0.022 : (6, 33)
	0.020 : (6, 39)
	0.015 : (8, 27)
	0.135 : (8, 30)
	0.104 : (8, 35)
	0.026 : (8, 38)
	0.049 : (10, 33)
	0.030 : (12, 33)
	0.041 : (12, 39)
	0.013 : (14, 30)
	0.036 : (14, 35)
	0.284 : (14, 38)
	0.125 : (16, 38)
	0.013 : (18, 33)
 235 : 1.2719244818496154
	0.055 : (8, 26)
	0.018 : (8, 34)
	0.015 : (9, 27)
	0.020 : (9, 30)
	0.021 : (9, 35)
	0.015 : (11, 33)
	0.019 : (12, 32)
	0.500 : (12, 36)
	0.095 : (13, 39)
	0.029 : (14, 34)
	0.033 : (14, 37)
	0.026 : (16, 34)
	0.027 : (16, 37)
	0.037 : (18, 36)
 236 : 1.2728691797174765
	0.016 : (7, 29)
	0.011 : (7, 36)
	0.021 : (9, 26)
	0.205 : (9, 34)
	0.104 : (11, 32)
	0.094 : (11, 36)
	0.376 : (13, 36)
	0.010 : (15, 26)
	0.013 : (15, 34)
	0.036 : (15, 37)
	0.042 : (17, 34)
	0.053 : (19, 36)
 237 : 1.2745151935000794
	0.110 : (7, 27)
	0.014 : (7, 30)
	0.214 : (9, 31)
	0.015 : (9, 33)
	0.046 : (11, 30)
	0.029 : (11, 38)
	0.135 : (12, 37)
	0.013 : (13, 30)
	0.283 : (13, 38)
	0.024 : (17, 33)
	0.016 : (18, 37)
	0.024 : (19, 38)
 238 : 1.2809805636119984
	0.033 : (6, 31)
	0.011 : (6, 39)
	0.137 : (8, 27)
	0.082 : (8, 30)
	0.040 : (10, 31)
	0.118 : (10, 33)
	0.015 : (12, 33)
	0.436 : (12, 39)
	0.014 : (14, 35)
	0.012 : (16, 27)
	0.033 : (16, 35)
	0.038 : (18, 39)
 239 : 1.2818496913333393
	0.153 : (6, 26)
	0.025 : (6, 28)
	0.048 : (7, 27)
	0.011 : (7, 30)
	0.237 : (8, 29)
	0.043 : (8, 32)
	0.060 : (9, 31)
	0.021 : (9, 33)
	0.031 : (10, 28)
	0.035 : (10, 37)
	0.218 : (12, 37)
	0.011 : (15, 39)
	0.018 : (16, 32)
	0.015 : (18, 37)
 240 : 1.2852957628619461
	0.011 : (6, 29)
	0.016 : (8, 26)
	0.048 : (8, 28)
	0.058 : (9, 30)
	0.225 : (9, 35)
	0.026 : (10, 32)
	0.047 : (11, 33)
	0.098 : (11, 39)
	0.037 : (12, 36)
	0.246 : (13, 39)
	0.011 : (15, 27)
	0.017 : (15, 35)
	0.031 : (15, 38)
	0.023 : (17, 35)
	0.012 : (17, 38)
	0.018 : (18, 36)
	0.016 : (19, 39)
 241 : 1.2941816428708723
	0.189 : (7, 26)
	0.218 : (7, 34)
	0.038 : (7, 37)
	0.038 : (9, 29)
	0.179 : (9, 32)
	0.045 : (9, 36)
	0.016 : (11, 26)
	0.049 : (11, 28)
	0.086 : (11, 34)
	0.061 : (13, 37)
	0.042 : (15, 36)
	0.024 : (17, 36)
 242 : 1.2947013648623384
	0.074 : (6, 27)
	0.058 : (6, 30)
	0.307 : (8, 31)
	0.075 : (10, 30)
	0.021 : (10, 38)
	0.011 : (12, 30)
	0.360 : (12, 38)
	0.019 : (14, 39)
	0.018 : (16, 33)
	0.019 : (18, 38)
 243 : 1.2964388507936782
	0.017 : (7, 33)
	0.236 : (8, 28)
	0.106 : (8, 34)
	0.237 : (9, 30)
	0.029 : (10, 36)
	0.011 : (11, 31)
	0.030 : (11, 33)
	0.083 : (13, 39)
	0.011 : (14, 37)
	0.019 : (16, 37)
	0.016 : (17, 35)
	0.037 : (17, 38)
	0.015 : (18, 36)
	0.056 : (19, 39)
 244 : 1.307055303776615
	0.011 : (6, 31)
	0.017 : (6, 33)
	0.016 : (6, 39)
	0.070 : (8, 27)
	0.354 : (8, 35)
	0.013 : (10, 31)
	0.149 : (10, 33)
	0.122 : (10, 39)
	0.158 : (12, 39)
	0.012 : (14, 27)
	0.012 : (14, 38)
	0.023 : (16, 35)
	0.030 : (18, 39)
 245 : 1.309047403214778
	0.138 : (7, 29)
	0.137 : (7, 32)
	0.082 : (7, 36)
	0.028 : (9, 26)
	0.226 : (9, 28)
	0.022 : (9, 34)
	0.027 : (9, 37)
	0.070 : (11, 29)
	0.213 : (11, 36)
	0.012 : (13, 29)
 246 : 1.3098060378924379
	0.018 : (6, 29)
	0.020 : (6, 32)
	0.015 : (6, 36)
	0.055 : (8, 26)
	0.402 : (8, 34)
	0.022 : (9, 30)
	0.085 : (9, 35)
	0.055 : (10, 32)
	0.104 : (10, 36)
	0.068 : (12, 36)
	0.022 : (13, 39)
	0.018 : (16, 34)
	0.015 : (16, 37)
	0.027 : (18, 36)
	0.012 : (19, 39)
 247 : 1.312460641687515
	0.019 : (6, 26)
	0.056 : (6, 34)
	0.175 : (7, 27)
	0.150 : (7, 35)
	0.032 : (7, 38)
	0.037 : (8, 32)
	0.013 : (8, 36)
	0.028 : (9, 31)
	0.174 : (9, 33)
	0.034 : (9, 39)
	0.013 : (10, 28)
	0.018 : (10, 34)
	0.046 : (11, 30)
	0.062 : (11, 35)
	0.033 : (13, 38)
	0.040 : (15, 39)
	0.020 : (17, 39)
 248 : 1.3311022597078246
	0.019 : (6, 29)
	0.051 : (6, 32)
	0.033 : (6, 36)
	0.077 : (7, 31)
	0.081 : (7, 33)
	0.042 : (7, 39)
	0.017 : (8, 26)
	0.157 : (8, 28)
	0.012 : (8, 34)
	0.024 : (9, 27)
	0.063 : (9, 30)
	0.010 : (9, 35)
	0.020 : (9, 38)
	0.038 : (10, 29)
	0.111 : (10, 36)
	0.036 : (11, 31)
	0.143 : (11, 39)
 249 : 1.3340866040190025
	0.095 : (6, 26)
	0.166 : (6, 34)
	0.016 : (6, 37)
	0.031 : (7, 27)
	0.077 : (8, 29)
	0.106 : (8, 32)
	0.040 : (8, 36)
	0.023 : (9, 31)
	0.029 : (9, 33)
	0.022 : (10, 28)
	0.155 : (12, 37)
	0.078 : (13, 38)
	0.059 : (14, 36)
	0.026 : (15, 39)
	0.028 : (16, 36)
 250 : 1.336097932495266
	0.143 : (6, 27)
	0.280 : (6, 35)
	0.045 : (6, 38)
	0.024 : (8, 31)
	0.203 : (8, 33)
	0.070 : (8, 39)
	0.069 : (10, 30)
	0.062 : (10, 35)
	0.023 : (12, 38)
	0.037 : (14, 39)
	0.023 : (16, 39)
 251 : 1.337970991259697
	0.115 : (7, 26)
	0.258 : (7, 28)
	0.197 : (7, 34)
	0.015 : (7, 37)
	0.033 : (9, 29)
	0.158 : (9, 32)
	0.030 : (9, 36)
	0.041 : (11, 26)
	0.014 : (11, 28)
	0.025 : (11, 34)
	0.081 : (13, 37)
 252 : 1.3478598208829784
	0.020 : (6, 34)
	0.162 : (7, 27)
	0.122 : (7, 30)
	0.172 : (7, 35)
	0.010 : (7, 38)
	0.044 : (9, 31)
	0.141 : (9, 33)
	0.026 : (9, 39)
	0.035 : (11, 27)
	0.025 : (11, 35)
	0.011 : (12, 37)
	0.162 : (13, 38)
	0.012 : (15, 39)
 253 : 1.3511653589779813
	0.050 : (6, 31)
	0.127 : (6, 33)
	0.072 : (6, 39)
	0.058 : (8, 27)
	0.200 : (8, 30)
	0.027 : (8, 35)
	0.029 : (8, 38)
	0.086 : (10, 31)
	0.303 : (10, 39)
 254 : 1.375468680386983
	0.178 : (6, 26)
	0.188 : (6, 28)
	0.064 : (6, 34)
	0.026 : (6, 37)
	0.019 : (7, 35)
	0.051 : (8, 29)
	0.234 : (8, 32)
	0.036 : (10, 26)
	0.036 : (10, 34)
	0.011 : (11, 38)
	0.089 : (12, 37)
	0.011 : (13, 38)
 255 : 1.3803952941021171
	0.099 : (6, 29)
	0.066 : (6, 32)
	0.042 : (6, 36)
	0.108 : (7, 31)
	0.066 : (7, 33)
	0.022 : (7, 39)
	0.013 : (8, 26)
	0.054 : (8, 34)
	0.020 : (8, 37)
	0.011 : (9, 27)
	0.023 : (9, 35)
	0.025 : (9, 38)
	0.025 : (10, 29)
	0.232 : (10, 36)
	0.011 : (11, 31)
	0.123 : (11, 39)
 256 : 1.3840775276171635
	0.171 : (6, 27)
	0.163 : (6, 30)
	0.243 : (6, 35)
	0.017 : (6, 38)
	0.045 : (8, 31)
	0.169 : (8, 33)
	0.040 : (8, 39)
	0.049 : (10, 27)
	0.016 : (10, 35)
	0.017 : (10, 38)
	0.041 : (12, 38)
 257 : 1.3846339085157267
	0.109 : (7, 26)
	0.011 : (7, 34)
	0.026 : (7, 37)
	0.031 : (9, 32)
	0.761 : (11, 37)
	0.018 : (15, 32)
 258 : 1.3921452772253249
	0.190 : (7, 29)
	0.138 : (7, 32)
	0.012 : (9, 28)
	0.083 : (9, 34)
	0.039 : (9, 37)
	0.017 : (11, 32)
	0.440 : (11, 36)
	0.012 : (13, 36)
	0.015 : (15, 34)
 259 : 1.3955566994332063
	0.058 : (6, 26)
	0.057 : (7, 27)
	0.020 : (7, 38)
	0.028 : (9, 33)
	0.209 : (10, 37)
	0.540 : (11, 38)
	0.012 : (15, 33)
 260 : 1.4055410820521528
	0.068 : (6, 26)
	0.015 : (6, 37)
	0.013 : (7, 27)
	0.011 : (7, 30)
	0.018 : (8, 32)
	0.010 : (9, 33)
	0.560 : (10, 37)
	0.248 : (11, 38)
	0.011 : (14, 32)
 261 : 1.4070743933953902
	0.134 : (6, 27)
	0.010 : (6, 35)
	0.027 : (6, 38)
	0.028 : (8, 33)
	0.743 : (10, 38)
	0.017 : (14, 33)
 262 : 1.4071731966213858
	0.044 : (6, 29)
	0.041 : (6, 32)
	0.123 : (7, 31)
	0.132 : (7, 33)
	0.022 : (8, 34)
	0.013 : (8, 37)
	0.064 : (9, 35)
	0.045 : (9, 38)
	0.052 : (10, 36)
	0.013 : (11, 33)
	0.351 : (11, 39)
	0.010 : (15, 35)
 263 : 1.4118528855777142
	0.042 : (7, 26)
	0.474 : (7, 28)
	0.130 : (7, 34)
	0.020 : (7, 37)
	0.098 : (9, 29)
	0.046 : (9, 32)
	0.134 : (9, 36)
	0.012 : (11, 34)
	0.013 : (15, 36)
 264 : 1.4222952372949376
	0.276 : (6, 29)
	0.106 : (6, 32)
	0.068 : (7, 31)
	0.024 : (7, 33)
	0.031 : (8, 28)
	0.045 : (8, 34)
	0.020 : (8, 37)
	0.281 : (10, 36)
	0.086 : (11, 39)
 265 : 1.425070445065542
	0.193 : (6, 31)
	0.210 : (6, 33)
	0.026 : (8, 27)
	0.014 : (8, 30)
	0.093 : (8, 35)
	0.071 : (8, 38)
	0.017 : (10, 33)
	0.306 : (10, 39)
	0.013 : (14, 35)
	0.010 : (16, 38)
 266 : 1.4263200457543332
	0.360 : (7, 29)
	0.281 : (7, 32)
	0.012 : (7, 36)
	0.030 : (9, 26)
	0.046 : (9, 28)
	0.017 : (9, 34)
	0.192 : (9, 37)
	0.014 : (11, 32)
	0.019 : (11, 36)
	0.012 : (17, 37)
 267 : 1.438052379114769
	0.202 : (6, 28)
	0.032 : (6, 34)
	0.487 : (7, 30)
	0.011 : (7, 38)
	0.015 : (8, 32)
	0.025 : (9, 31)
	0.036 : (9, 33)
	0.010 : (9, 39)
	0.029 : (12, 37)
	0.023 : (13, 38)
	0.022 : (14, 36)
	0.031 : (15, 39)
	0.011 : (17, 39)
 268 : 1.4416865329828212
	0.029 : (6, 26)
	0.337 : (6, 28)
	0.013 : (6, 37)
	0.157 : (7, 30)
	0.109 : (7, 35)
	0.057 : (8, 29)
	0.032 : (8, 32)
	0.030 : (8, 36)
	0.054 : (9, 31)
	0.016 : (9, 33)
	0.074 : (9, 39)
	0.016 : (13, 38)
	0.016 : (14, 36)
 269 : 1.4534728965259966
	0.063 : (6, 29)
	0.031 : (6, 32)
	0.357 : (7, 31)
	0.205 : (7, 33)
	0.010 : (7, 39)
	0.013 : (8, 28)
	0.023 : (8, 37)
	0.059 : (9, 30)
	0.154 : (9, 38)
	0.017 : (11, 39)
 270 : 1.4660894994565175
	0.018 : (6, 26)
	0.039 : (6, 28)
	0.349 : (6, 34)
	0.211 : (7, 35)
	0.056 : (8, 29)
	0.021 : (8, 32)
	0.103 : (8, 36)
	0.020 : (9, 31)
	0.038 : (9, 39)
	0.030 : (12, 37)
	0.029 : (13, 38)
	0.011 : (15, 39)
 271 : 1.468216429738987
	0.250 : (6, 29)
	0.317 : (6, 32)
	0.042 : (7, 31)
	0.064 : (7, 33)
	0.026 : (8, 26)
	0.039 : (8, 28)
	0.032 : (8, 34)
	0.152 : (8, 37)
	0.030 : (9, 38)
 272 : 1.473859085908096
	0.019 : (6, 27)
	0.553 : (6, 30)
	0.078 : (6, 35)
	0.024 : (6, 38)
	0.142 : (8, 31)
	0.060 : (8, 33)
	0.093 : (8, 39)
 273 : 1.485651143920998
	0.436 : (6, 31)
	0.221 : (6, 33)
	0.015 : (6, 39)
	0.016 : (8, 27)
	0.105 : (8, 30)
	0.013 : (8, 35)
	0.149 : (8, 38)
	0.021 : (10, 39)
 274 : 1.5172674053285313
	0.031 : (7, 28)
	0.263 : (7, 34)
	0.031 : (7, 37)
	0.011 : (9, 29)
	0.603 : (9, 36)
	0.023 : (11, 34)
	0.011 : (13, 34)
 275 : 1.5287225834227516
	0.015 : (7, 29)
	0.290 : (7, 32)
	0.049 : (7, 36)
	0.011 : (9, 28)
	0.578 : (9, 37)
	0.018 : (11, 32)
 276 : 1.532954070378044
	0.014 : (6, 34)
	0.028 : (7, 30)
	0.207 : (7, 35)
	0.028 : (7, 38)
	0.647 : (9, 39)
	0.024 : (11, 35)
 277 : 1.5412141082562365
	0.300 : (7, 33)
	0.035 : (7, 39)
	0.016 : (9, 30)
	0.587 : (9, 38)
	0.015 : (11, 33)
 278 : 1.5669398075584493
	0.023 : (6, 28)
	0.195 : (6, 34)
	0.033 : (6, 37)
	0.673 : (8, 36)
	0.020 : (9, 39)
	0.020 : (10, 34)
 279 : 1.5737037880713192
	0.024 : (6, 30)
	0.237 : (6, 35)
	0.042 : (6, 38)
	0.629 : (8, 39)
	0.020 : (10, 35)
 280 : 1.5757970309180915
	0.243 : (6, 32)
	0.053 : (6, 36)
	0.010 : (8, 28)
	0.629 : (8, 37)
	0.014 : (10, 32)
 281 : 1.582761824805838
	0.279 : (6, 33)
	0.056 : (6, 39)
	0.017 : (8, 30)
	0.592 : (8, 38)
	0.015 : (10, 33)
 282 : 1.5894259890207207
	0.035 : (7, 29)
	0.035 : (7, 32)
	0.757 : (7, 36)
	0.082 : (9, 34)
	0.034 : (9, 37)
	0.032 : (11, 36)
 283 : 1.600790711804756
	0.030 : (7, 26)
	0.025 : (7, 34)
	0.799 : (7, 37)
	0.070 : (9, 32)
	0.019 : (9, 36)
	0.023 : (11, 37)
	0.018 : (13, 37)
 284 : 1.608036640191576
	0.060 : (6, 36)
	0.028 : (7, 31)
	0.023 : (7, 33)
	0.712 : (7, 39)
	0.015 : (8, 34)
	0.014 : (8, 37)
	0.062 : (9, 35)
	0.019 : (9, 38)
	0.024 : (11, 39)
 285 : 1.6176076904495924
	0.084 : (6, 37)
	0.019 : (7, 27)
	0.016 : (7, 35)
	0.722 : (7, 38)
	0.013 : (8, 32)
	0.054 : (9, 33)
	0.017 : (9, 39)
	0.018 : (11, 38)
	0.010 : (13, 38)
 286 : 1.6386952109666226
	0.031 : (6, 31)
	0.031 : (6, 33)
	0.748 : (6, 39)
	0.095 : (8, 35)
	0.039 : (8, 38)
	0.033 : (10, 39)
 287 : 1.6387840214300538
	0.017 : (6, 29)
	0.023 : (6, 32)
	0.732 : (6, 36)
	0.094 : (7, 39)
	0.060 : (8, 34)
	0.026 : (8, 37)
	0.019 : (10, 36)
 288 : 1.6465435853846246
	0.021 : (6, 27)
	0.012 : (6, 30)
	0.033 : (6, 35)
	0.779 : (6, 38)
	0.080 : (8, 33)
	0.027 : (8, 39)
	0.023 : (10, 38)
	0.015 : (12, 38)
 289 : 1.6529711505203777
	0.015 : (6, 26)
	0.010 : (6, 34)
	0.744 : (6, 37)
	0.114 : (7, 38)
	0.054 : (8, 32)
	0.020 : (8, 36)
	0.018 : (10, 37)
 290 : 10.541099301670712
	0.256 : (2, 25)
	0.744 : (3, 23)
 291 : 10.54114174025275
	0.744 : (2, 23)
	0.256 : (3, 25)
 292 : 10.548074993357108
	0.251 : (4, 25)
	0.748 : (5, 23)
 293 : 10.548209311300974
	0.748 : (4, 23)
	0.251 : (5, 25)
 294 : 10.663935412492444
	1.000 : (1, 24)
 295 : 10.679202709146278
	0.995 : (0, 24)
 296 : 10.872428355681997
	1.000 : (0, 25)
 297 : 10.87286484120366
	1.000 : (4, 24)
 298 : 10.87286715373997
	1.000 : (5, 24)
 299 : 10.88588632583046
	0.991 : (1, 25)
 300 : 10.890474064099323
	0.995 : (3, 24)
 301 : 10.890497549967112
	0.999 : (2, 24)
 302 : 10.891821439161054
	1.000 : (0, 23)
 303 : 10.891821643651854
	1.000 : (1, 23)
 304 : 11.004318492377225
	0.163 : (4, 26)
	0.344 : (4, 28)
	0.020 : (4, 34)
	0.012 : (4, 37)
	0.286 : (5, 29)
	0.175 : (5, 32)
 305 : 11.004321491304184
	0.286 : (4, 29)
	0.175 : (4, 32)
	0.163 : (5, 26)
	0.344 : (5, 28)
	0.020 : (5, 34)
	0.012 : (5, 37)
 306 : 11.00975677135803
	0.176 : (4, 29)
	0.216 : (4, 32)
	0.069 : (4, 36)
	0.284 : (5, 26)
	0.088 : (5, 28)
	0.089 : (5, 34)
	0.078 : (5, 37)
 307 : 11.009757291285144
	0.284 : (4, 26)
	0.088 : (4, 28)
	0.089 : (4, 34)
	0.078 : (4, 37)
	0.176 : (5, 29)
	0.216 : (5, 32)
	0.069 : (5, 36)
 308 : 11.017441654308119
	0.028 : (2, 29)
	0.181 : (2, 32)
	0.190 : (3, 26)
	0.059 : (3, 28)
	0.030 : (3, 37)
	0.203 : (4, 33)
	0.011 : (4, 39)
	0.171 : (5, 27)
	0.074 : (5, 30)
	0.035 : (5, 38)
 309 : 11.017449403776924
	0.190 : (2, 26)
	0.059 : (2, 28)
	0.030 : (2, 37)
	0.028 : (3, 29)
	0.181 : (3, 32)
	0.171 : (4, 27)
	0.074 : (4, 30)
	0.035 : (4, 38)
	0.203 : (5, 33)
	0.011 : (5, 39)
 310 : 11.01991242135382
	0.213 : (2, 29)
	0.024 : (2, 36)
	0.018 : (3, 26)
	0.171 : (3, 28)
	0.056 : (3, 34)
	0.012 : (3, 37)
	0.204 : (4, 31)
	0.026 : (4, 39)
	0.053 : (5, 27)
	0.130 : (5, 30)
	0.061 : (5, 35)
	0.016 : (5, 38)
 311 : 11.01991556019261
	0.018 : (2, 26)
	0.171 : (2, 28)
	0.056 : (2, 34)
	0.012 : (2, 37)
	0.213 : (3, 29)
	0.024 : (3, 36)
	0.053 : (4, 27)
	0.131 : (4, 30)
	0.061 : (4, 35)
	0.016 : (4, 38)
	0.204 : (5, 31)
	0.026 : (5, 39)
 312 : 11.026157165400114
	0.644 : (1, 26)
	0.084 : (1, 28)
	0.089 : (1, 34)
	0.184 : (1, 37)
 313 : 11.026599798838033
	0.329 : (0, 26)
	0.045 : (0, 28)
	0.048 : (0, 34)
	0.092 : (0, 37)
	0.341 : (1, 27)
	0.018 : (1, 30)
	0.048 : (1, 35)
	0.079 : (1, 38)
 314 : 11.027003862685248
	0.692 : (0, 27)
	0.039 : (0, 30)
	0.102 : (0, 35)
	0.157 : (0, 38)
 315 : 11.027605505289987
	0.033 : (2, 31)
	0.355 : (2, 33)
	0.051 : (2, 39)
	0.407 : (3, 27)
	0.044 : (3, 35)
	0.094 : (3, 38)
 316 : 11.027610913216703
	0.412 : (2, 27)
	0.044 : (2, 35)
	0.094 : (2, 38)
	0.034 : (3, 31)
	0.358 : (3, 33)
	0.051 : (3, 39)
 317 : 11.033392619483905
	0.406 : (2, 31)
	0.056 : (2, 33)
	0.019 : (2, 39)
	0.432 : (3, 30)
	0.087 : (3, 35)
 318 : 11.033393750084329
	0.432 : (2, 30)
	0.087 : (2, 35)
	0.406 : (3, 31)
	0.056 : (3, 33)
	0.019 : (3, 39)
 319 : 11.060052752397825
	0.226 : (2, 26)
	0.031 : (2, 34)
	0.044 : (2, 37)
	0.035 : (3, 29)
	0.171 : (3, 32)
	0.031 : (3, 36)
	0.191 : (4, 27)
	0.025 : (4, 35)
	0.039 : (4, 38)
	0.037 : (5, 31)
	0.139 : (5, 33)
	0.022 : (5, 39)
 320 : 11.060296664416793
	0.035 : (2, 29)
	0.169 : (2, 32)
	0.031 : (2, 36)
	0.226 : (3, 26)
	0.031 : (3, 34)
	0.043 : (3, 37)
	0.037 : (4, 31)
	0.138 : (4, 33)
	0.022 : (4, 39)
	0.191 : (5, 27)
	0.025 : (5, 35)
	0.038 : (5, 38)
 321 : 11.071519593951487
	0.368 : (0, 26)
	0.013 : (0, 28)
	0.111 : (0, 37)
	0.372 : (1, 27)
	0.013 : (1, 30)
	0.032 : (1, 35)
	0.078 : (1, 38)
 322 : 11.087299786530094
	0.040 : (4, 29)
	0.136 : (4, 32)
	0.215 : (4, 36)
	0.030 : (5, 26)
	0.035 : (5, 28)
	0.425 : (5, 34)
	0.119 : (5, 37)
 323 : 11.0873016642408
	0.030 : (4, 26)
	0.035 : (4, 28)
	0.425 : (4, 34)
	0.119 : (4, 37)
	0.040 : (5, 29)
	0.137 : (5, 32)
	0.215 : (5, 36)
 324 : 11.087328270768696
	0.021 : (2, 26)
	0.169 : (2, 28)
	0.021 : (2, 34)
	0.162 : (3, 29)
	0.027 : (3, 32)
	0.147 : (4, 30)
	0.154 : (4, 35)
	0.021 : (4, 38)
	0.110 : (5, 31)
	0.114 : (5, 33)
	0.050 : (5, 39)
 325 : 11.08757038416683
	0.162 : (2, 29)
	0.026 : (2, 32)
	0.022 : (3, 26)
	0.170 : (3, 28)
	0.019 : (3, 34)
	0.109 : (4, 31)
	0.115 : (4, 33)
	0.050 : (4, 39)
	0.147 : (5, 30)
	0.154 : (5, 35)
	0.022 : (5, 38)
 326 : 11.096062583709367
	0.071 : (1, 26)
	0.265 : (1, 28)
	0.536 : (1, 34)
	0.128 : (1, 37)
 327 : 11.099814885683593
	0.273 : (2, 34)
	0.070 : (2, 37)
	0.102 : (3, 32)
	0.129 : (3, 36)
	0.013 : (4, 27)
	0.065 : (4, 30)
	0.127 : (4, 35)
	0.044 : (4, 38)
	0.066 : (5, 31)
	0.022 : (5, 33)
	0.075 : (5, 39)
 328 : 11.099824008203708
	0.103 : (2, 32)
	0.128 : (2, 36)
	0.274 : (3, 34)
	0.070 : (3, 37)
	0.067 : (4, 31)
	0.021 : (4, 33)
	0.075 : (4, 39)
	0.013 : (5, 27)
	0.066 : (5, 30)
	0.126 : (5, 35)
	0.043 : (5, 38)
 329 : 11.108534412370945
	0.024 : (0, 26)
	0.186 : (0, 28)
	0.359 : (0, 34)
	0.064 : (0, 37)
	0.037 : (1, 27)
	0.076 : (1, 30)
	0.180 : (1, 35)
	0.074 : (1, 38)
 330 : 11.110365086461655
	0.386 : (1, 29)
	0.116 : (1, 32)
	0.497 : (1, 36)
 331 : 11.110788043158353
	0.068 : (2, 31)
	0.108 : (2, 33)
	0.215 : (2, 39)
	0.021 : (3, 27)
	0.057 : (3, 30)
	0.408 : (3, 35)
	0.123 : (3, 38)
 332 : 11.110808653874113
	0.021 : (2, 27)
	0.057 : (2, 30)
	0.408 : (2, 35)
	0.123 : (2, 38)
	0.068 : (3, 31)
	0.108 : (3, 33)
	0.216 : (3, 39)
 333 : 11.11579416931081
	0.749 : (4, 25)
	0.251 : (5, 23)
 334 : 11.115798309904934
	0.251 : (4, 23)
	0.749 : (5, 25)
 335 : 11.120912427870852
	0.300 : (0, 29)
	0.090 : (0, 32)
	0.373 : (0, 36)
	0.083 : (1, 31)
	0.026 : (1, 33)
	0.127 : (1, 39)
 336 : 11.124418851148247
	0.045 : (0, 27)
	0.238 : (0, 30)
	0.556 : (0, 35)
	0.161 : (0, 38)
 337 : 11.126359511050136
	0.256 : (2, 23)
	0.744 : (3, 25)
 338 : 11.126402415254718
	0.744 : (2, 25)
	0.256 : (3, 23)
 339 : 11.139772329020332
	0.364 : (0, 31)
	0.112 : (0, 33)
	0.524 : (0, 39)
 340 : 11.164023733946738
	0.028 : (2, 26)
	0.059 : (2, 28)
	0.156 : (2, 34)
	0.046 : (2, 37)
	0.060 : (3, 29)
	0.039 : (3, 32)
	0.079 : (3, 36)
	0.017 : (4, 27)
	0.080 : (4, 30)
	0.173 : (4, 35)
	0.054 : (4, 38)
	0.082 : (5, 31)
	0.032 : (5, 33)
	0.091 : (5, 39)
 341 : 11.164311522825466
	0.060 : (2, 29)
	0.039 : (2, 32)
	0.079 : (2, 36)
	0.027 : (3, 26)
	0.058 : (3, 28)
	0.158 : (3, 34)
	0.046 : (3, 37)
	0.082 : (4, 31)
	0.033 : (4, 33)
	0.092 : (4, 39)
	0.017 : (5, 27)
	0.079 : (5, 30)
	0.175 : (5, 35)
	0.054 : (5, 38)
 342 : 11.176218786405615
	0.103 : (0, 29)
	0.030 : (0, 32)
	0.103 : (0, 36)
	0.295 : (1, 31)
	0.090 : (1, 33)
	0.374 : (1, 39)
 343 : 11.197395412989026
	0.121 : (0, 28)
	0.199 : (0, 34)
	0.023 : (0, 37)
	0.183 : (1, 30)
	0.391 : (1, 35)
	0.067 : (1, 38)
 344 : 11.424193872818876
	0.415 : (4, 26)
	0.193 : (4, 28)
	0.134 : (4, 34)
	0.051 : (4, 37)
	0.056 : (5, 29)
	0.139 : (5, 32)
	0.013 : (5, 36)
 345 : 11.42419441688625
	0.056 : (4, 29)
	0.139 : (4, 32)
	0.013 : (4, 36)
	0.415 : (5, 26)
	0.193 : (5, 28)
	0.134 : (5, 34)
	0.051 : (5, 37)
 346 : 11.42825690363075
	0.498 : (4, 27)
	0.094 : (4, 30)
	0.136 : (4, 35)
	0.054 : (4, 38)
	0.052 : (5, 31)
	0.135 : (5, 33)
	0.015 : (5, 39)
 347 : 11.428261985202651
	0.052 : (4, 31)
	0.135 : (4, 33)
	0.015 : (4, 39)
	0.498 : (5, 27)
	0.094 : (5, 30)
	0.136 : (5, 35)
	0.054 : (5, 38)
 348 : 11.436456783346244
	0.060 : (2, 29)
	0.141 : (2, 32)
	0.012 : (2, 36)
	0.391 : (3, 26)
	0.197 : (3, 28)
	0.134 : (3, 34)
	0.048 : (3, 37)
 349 : 11.436497068534509
	0.391 : (2, 26)
	0.197 : (2, 28)
	0.134 : (2, 34)
	0.048 : (2, 37)
	0.060 : (3, 29)
	0.141 : (3, 32)
	0.012 : (3, 36)
 350 : 11.438394893917788
	0.050 : (2, 31)
	0.133 : (2, 33)
	0.016 : (2, 39)
	0.519 : (3, 27)
	0.092 : (3, 30)
	0.135 : (3, 35)
	0.056 : (3, 38)
 351 : 11.438447433715265
	0.519 : (2, 27)
	0.092 : (2, 30)
	0.135 : (2, 35)
	0.056 : (2, 38)
	0.050 : (3, 31)
	0.133 : (3, 33)
	0.016 : (3, 39)
 352 : 11.464342254266503
	0.642 : (1, 28)
	0.354 : (1, 34)
 353 : 11.464994783374314
	0.626 : (0, 28)
	0.369 : (0, 34)
 354 : 11.484656091135092
	0.679 : (0, 30)
	0.314 : (0, 35)
 355 : 11.485074946310776
	0.669 : (1, 30)
	0.324 : (1, 35)
 356 : 11.485353221099635
	0.087 : (4, 26)
	0.313 : (4, 28)
	0.018 : (4, 34)
	0.060 : (4, 37)
	0.428 : (5, 29)
	0.046 : (5, 32)
	0.049 : (5, 36)
 357 : 11.485356037883921
	0.428 : (4, 29)
	0.046 : (4, 32)
	0.049 : (4, 36)
	0.087 : (5, 26)
	0.313 : (5, 28)
	0.018 : (5, 34)
	0.060 : (5, 37)
 358 : 11.490200382035498
	0.265 : (1, 29)
	0.734 : (1, 32)
 359 : 11.490242695745007
	0.258 : (0, 29)
	0.740 : (0, 32)
 360 : 11.497231640210991
	0.089 : (2, 26)
	0.306 : (2, 28)
	0.020 : (2, 34)
	0.061 : (2, 37)
	0.423 : (3, 29)
	0.051 : (3, 32)
	0.049 : (3, 36)
 361 : 11.497240071925605
	0.423 : (2, 29)
	0.051 : (2, 32)
	0.049 : (2, 36)
	0.089 : (3, 26)
	0.306 : (3, 28)
	0.021 : (3, 34)
	0.061 : (3, 37)
 362 : 11.508776416543318
	0.185 : (0, 31)
	0.812 : (0, 33)
 363 : 11.508779209152745
	0.187 : (1, 31)
	0.810 : (1, 33)
 364 : 11.518569952758398
	0.031 : (4, 27)
	0.375 : (4, 30)
	0.013 : (4, 35)
	0.060 : (4, 38)
	0.421 : (5, 31)
	0.058 : (5, 33)
	0.042 : (5, 39)
 365 : 11.51857364165195
	0.421 : (4, 31)
	0.058 : (4, 33)
	0.042 : (4, 39)
	0.031 : (5, 27)
	0.375 : (5, 30)
	0.013 : (5, 35)
	0.060 : (5, 38)
 366 : 11.527510504498098
	0.282 : (1, 26)
	0.022 : (1, 34)
	0.687 : (1, 37)
 367 : 11.529169942079564
	0.030 : (2, 27)
	0.379 : (2, 30)
	0.011 : (2, 35)
	0.060 : (2, 38)
	0.424 : (3, 31)
	0.053 : (3, 33)
	0.042 : (3, 39)
 368 : 11.529174213342092
	0.425 : (2, 31)
	0.053 : (2, 33)
	0.042 : (2, 39)
	0.030 : (3, 27)
	0.379 : (3, 30)
	0.011 : (3, 35)
	0.060 : (3, 38)
 369 : 11.530398867826063
	0.233 : (0, 26)
	0.017 : (0, 34)
	0.601 : (0, 37)
	0.039 : (1, 27)
	0.091 : (1, 38)
 370 : 11.53220183195232
	0.349 : (1, 29)
	0.150 : (1, 32)
	0.501 : (1, 36)
 371 : 11.534399855685146
	0.323 : (0, 29)
	0.134 : (0, 32)
	0.490 : (0, 36)
	0.027 : (1, 31)
	0.021 : (1, 39)
 372 : 11.537467784406067
	0.254 : (0, 27)
	0.043 : (0, 30)
	0.027 : (0, 35)
	0.676 : (0, 38)
 373 : 11.543525384097467
	0.452 : (0, 31)
	0.076 : (0, 33)
	0.472 : (0, 39)
 374 : 11.54416160842137
	0.032 : (0, 26)
	0.107 : (0, 37)
	0.199 : (1, 27)
	0.032 : (1, 30)
	0.020 : (1, 35)
	0.607 : (1, 38)
 375 : 11.546906601957835
	0.015 : (0, 29)
	0.032 : (0, 36)
	0.406 : (1, 31)
	0.069 : (1, 33)
	0.472 : (1, 39)
 376 : 11.634102426536584
	0.022 : (4, 28)
	0.177 : (4, 34)
	0.236 : (4, 37)
	0.123 : (5, 32)
	0.434 : (5, 36)
 377 : 11.63410267418896
	0.123 : (4, 32)
	0.434 : (4, 36)
	0.022 : (5, 28)
	0.177 : (5, 34)
	0.236 : (5, 37)
 378 : 11.645298869017644
	0.011 : (2, 28)
	0.091 : (2, 34)
	0.122 : (2, 37)
	0.064 : (3, 32)
	0.224 : (3, 36)
	0.011 : (4, 30)
	0.078 : (4, 35)
	0.126 : (4, 38)
	0.066 : (5, 33)
	0.199 : (5, 39)
 379 : 11.64530508799035
	0.064 : (2, 32)
	0.223 : (2, 36)
	0.011 : (3, 28)
	0.091 : (3, 34)
	0.122 : (3, 37)
	0.066 : (4, 33)
	0.200 : (4, 39)
	0.011 : (5, 30)
	0.079 : (5, 35)
	0.127 : (5, 38)
 380 : 11.647345873941424
	0.010 : (2, 28)
	0.080 : (2, 34)
	0.118 : (2, 37)
	0.056 : (3, 32)
	0.215 : (3, 36)
	0.012 : (4, 30)
	0.077 : (4, 35)
	0.142 : (4, 38)
	0.068 : (5, 33)
	0.217 : (5, 39)
 381 : 11.647362281183089
	0.056 : (2, 32)
	0.216 : (2, 36)
	0.010 : (3, 28)
	0.080 : (3, 34)
	0.119 : (3, 37)
	0.067 : (4, 33)
	0.216 : (4, 39)
	0.011 : (5, 30)
	0.077 : (5, 35)
	0.141 : (5, 38)
 382 : 11.65649635398103
	0.023 : (2, 30)
	0.161 : (2, 35)
	0.261 : (2, 38)
	0.137 : (3, 33)
	0.413 : (3, 39)
 383 : 11.656506154634753
	0.137 : (2, 33)
	0.412 : (2, 39)
	0.023 : (3, 30)
	0.161 : (3, 35)
	0.262 : (3, 38)
 384 : 11.669819334092113
	0.020 : (4, 26)
	0.137 : (4, 34)
	0.444 : (4, 37)
	0.164 : (5, 32)
	0.221 : (5, 36)
 385 : 11.669820210939497
	0.164 : (4, 32)
	0.221 : (4, 36)
	0.020 : (5, 26)
	0.137 : (5, 34)
	0.444 : (5, 37)
 386 : 11.679876354289014
	0.036 : (2, 32)
	0.046 : (2, 36)
	0.030 : (3, 34)
	0.095 : (3, 37)
	0.011 : (4, 31)
	0.120 : (4, 33)
	0.196 : (4, 39)
	0.013 : (5, 27)
	0.119 : (5, 35)
	0.320 : (5, 38)
 387 : 11.679878434664747
	0.029 : (2, 34)
	0.093 : (2, 37)
	0.035 : (3, 32)
	0.045 : (3, 36)
	0.013 : (4, 27)
	0.120 : (4, 35)
	0.321 : (4, 38)
	0.011 : (5, 31)
	0.120 : (5, 33)
	0.197 : (5, 39)
 388 : 11.682757434797955
	0.124 : (2, 32)
	0.181 : (2, 36)
	0.015 : (3, 26)
	0.104 : (3, 34)
	0.353 : (3, 37)
	0.031 : (4, 33)
	0.056 : (4, 39)
	0.031 : (5, 35)
	0.089 : (5, 38)
 389 : 11.682758704672155
	0.015 : (2, 26)
	0.105 : (2, 34)
	0.355 : (2, 37)
	0.125 : (3, 32)
	0.181 : (3, 36)
	0.030 : (4, 35)
	0.088 : (4, 38)
	0.030 : (5, 33)
	0.055 : (5, 39)
 390 : 11.690449908168324
	0.014 : (2, 31)
	0.154 : (2, 33)
	0.246 : (2, 39)
	0.017 : (3, 27)
	0.154 : (3, 35)
	0.406 : (3, 38)
 391 : 11.690464257232527
	0.017 : (2, 27)
	0.153 : (2, 35)
	0.406 : (2, 38)
	0.014 : (3, 31)
	0.154 : (3, 33)
	0.245 : (3, 39)
