 1 : 0.05067564801289047
	0.199 : (20, 25)
	0.792 : (22, 23)
 2 : 0.10743690258494838
	0.535 : (20, 23)
	0.455 : (22, 25)
 3 : 0.18487804021558163
	0.988 : (21, 24)
 4 : 0.3154345796831193
	0.684 : (21, 23)
	0.312 : (22, 24)
 5 : 0.3564698757469043
	0.014 : (10, 25)
	0.106 : (12, 25)
	0.865 : (16, 23)
 6 : 0.3654846130004135
	0.034 : (10, 23)
	0.024 : (12, 23)
	0.176 : (14, 25)
	0.755 : (18, 23)
 7 : 0.37259685056049213
	0.096 : (13, 25)
	0.883 : (17, 23)
 8 : 0.38061793207430633
	0.019 : (11, 23)
	0.021 : (13, 23)
	0.145 : (15, 25)
	0.016 : (17, 25)
	0.792 : (19, 23)
 9 : 0.38778310660193316
	0.492 : (20, 24)
	0.494 : (21, 25)
 10 : 0.38991505000641247
	0.028 : (10, 25)
	0.013 : (12, 25)
	0.681 : (14, 23)
	0.268 : (18, 25)
 11 : 0.40047752896381306
	0.301 : (21, 23)
	0.670 : (22, 24)
 12 : 0.4078550083909221
	0.022 : (11, 25)
	0.694 : (15, 23)
	0.016 : (18, 24)
	0.256 : (19, 25)
 13 : 0.4194650687994196
	0.046 : (10, 23)
	0.462 : (12, 23)
	0.469 : (16, 25)
 14 : 0.42701697775925906
	0.035 : (11, 24)
	0.147 : (13, 24)
	0.807 : (19, 24)
 15 : 0.4321107690776982
	0.059 : (9, 24)
	0.269 : (15, 24)
	0.666 : (17, 24)
 16 : 0.44029420425737675
	0.025 : (11, 23)
	0.428 : (13, 23)
	0.021 : (15, 25)
	0.041 : (16, 24)
	0.447 : (17, 25)
	0.012 : (19, 23)
 17 : 0.44712269610664696
	0.017 : (10, 24)
	0.103 : (12, 24)
	0.016 : (15, 23)
	0.848 : (18, 24)
 18 : 0.46674708101976514
	0.035 : (8, 24)
	0.029 : (13, 23)
	0.210 : (14, 24)
	0.685 : (16, 24)
	0.018 : (17, 25)
 19 : 0.4920337451383158
	0.462 : (20, 23)
	0.538 : (22, 25)
 20 : 0.5120814581850406
	0.474 : (20, 24)
	0.470 : (21, 25)
 21 : 0.5271325189015112
	0.781 : (20, 25)
	0.205 : (22, 23)
 22 : 0.5324407820884626
	0.043 : (6, 23)
	0.053 : (8, 25)
	0.072 : (10, 23)
	0.011 : (16, 25)
	0.126 : (20, 31)
	0.041 : (20, 33)
	0.016 : (20, 39)
	0.152 : (22, 27)
	0.471 : (22, 30)
 23 : 0.5450614652975617
	0.032 : (6, 25)
	0.120 : (8, 23)
	0.030 : (10, 25)
	0.024 : (18, 25)
	0.256 : (20, 30)
	0.491 : (22, 31)
	0.022 : (22, 33)
 24 : 0.5579573586462412
	0.012 : (7, 23)
	0.025 : (9, 25)
	0.059 : (11, 23)
	0.014 : (17, 25)
	0.041 : (20, 29)
	0.076 : (20, 32)
	0.010 : (20, 36)
	0.607 : (22, 26)
	0.119 : (22, 28)
	0.013 : (22, 35)
 25 : 0.5675939687489184
	0.043 : (10, 23)
	0.023 : (14, 25)
	0.032 : (18, 23)
	0.102 : (20, 31)
	0.048 : (20, 33)
	0.016 : (20, 39)
	0.548 : (22, 27)
	0.051 : (22, 30)
	0.094 : (22, 34)
	0.022 : (22, 38)
 26 : 0.5727337315265967
	0.014 : (7, 25)
	0.109 : (9, 23)
	0.032 : (11, 25)
	0.034 : (19, 25)
	0.024 : (20, 26)
	0.204 : (20, 28)
	0.020 : (21, 30)
	0.529 : (22, 29)
 27 : 0.5751500569644098
	0.011 : (9, 25)
	0.107 : (11, 23)
	0.015 : (13, 23)
	0.056 : (15, 25)
	0.041 : (19, 23)
	0.144 : (20, 29)
	0.024 : (20, 32)
	0.184 : (22, 26)
	0.347 : (22, 28)
	0.041 : (22, 35)
 28 : 0.5904276922646093
	0.027 : (7, 24)
	0.036 : (11, 24)
	0.584 : (21, 26)
	0.177 : (21, 28)
	0.145 : (21, 35)
	0.024 : (21, 37)
 29 : 0.5958549456560501
	0.117 : (10, 23)
	0.221 : (12, 23)
	0.285 : (14, 25)
	0.110 : (16, 25)
	0.152 : (18, 23)
	0.023 : (20, 31)
	0.043 : (22, 27)
	0.035 : (22, 30)
 30 : 0.5969331025717806
	0.011 : (10, 24)
	0.153 : (20, 26)
	0.589 : (21, 27)
	0.021 : (21, 38)
	0.175 : (22, 32)
 31 : 0.5979828104665182
	0.021 : (9, 25)
	0.057 : (11, 23)
	0.242 : (13, 23)
	0.012 : (14, 24)
	0.281 : (15, 25)
	0.015 : (16, 24)
	0.138 : (17, 25)
	0.083 : (19, 23)
	0.036 : (20, 29)
	0.011 : (22, 26)
	0.092 : (22, 28)
 32 : 0.5997610636414468
	0.075 : (10, 27)
	0.036 : (10, 34)
	0.017 : (10, 38)
	0.048 : (12, 27)
	0.015 : (12, 34)
	0.013 : (12, 38)
	0.013 : (14, 31)
	0.618 : (18, 27)
	0.072 : (18, 30)
	0.036 : (18, 34)
	0.019 : (18, 38)
 33 : 0.5998078718437441
	0.389 : (20, 27)
	0.034 : (20, 38)
	0.079 : (22, 31)
	0.457 : (22, 33)
	0.013 : (22, 39)
 34 : 0.6033498445097386
	0.068 : (7, 24)
	0.068 : (11, 24)
	0.039 : (13, 24)
	0.015 : (19, 24)
	0.307 : (21, 26)
	0.135 : (21, 28)
	0.303 : (21, 35)
	0.065 : (21, 37)
 35 : 0.6067520787482231
	0.025 : (9, 26)
	0.026 : (11, 32)
	0.060 : (13, 29)
	0.127 : (13, 32)
	0.058 : (15, 28)
	0.378 : (17, 26)
	0.155 : (17, 28)
	0.102 : (19, 29)
	0.032 : (19, 32)
 36 : 0.6075376904432462
	0.690 : (15, 24)
	0.304 : (17, 24)
 37 : 0.6076680042467544
	0.068 : (13, 25)
	0.164 : (15, 23)
	0.443 : (19, 25)
	0.066 : (20, 26)
	0.012 : (20, 28)
	0.079 : (21, 27)
	0.058 : (22, 29)
	0.075 : (22, 32)
 38 : 0.6083959073564754
	0.026 : (9, 29)
	0.029 : (11, 28)
	0.038 : (11, 35)
	0.014 : (11, 37)
	0.012 : (13, 35)
	0.013 : (13, 37)
	0.206 : (15, 29)
	0.018 : (15, 32)
	0.018 : (15, 36)
	0.018 : (17, 29)
	0.017 : (17, 32)
	0.248 : (19, 26)
	0.321 : (19, 28)
 39 : 0.6097175269668174
	0.089 : (12, 25)
	0.209 : (14, 23)
	0.648 : (18, 25)
	0.026 : (22, 31)
 40 : 0.6102626307150263
	0.037 : (13, 25)
	0.041 : (15, 23)
	0.191 : (19, 25)
	0.187 : (20, 26)
	0.011 : (20, 37)
	0.231 : (21, 27)
	0.240 : (22, 32)
 41 : 0.611498214794326
	0.018 : (10, 26)
	0.025 : (10, 35)
	0.025 : (11, 27)
	0.020 : (11, 34)
	0.017 : (13, 27)
	0.027 : (14, 29)
	0.025 : (15, 31)
	0.217 : (18, 26)
	0.114 : (18, 28)
	0.017 : (18, 35)
	0.317 : (19, 27)
	0.044 : (19, 30)
 42 : 0.6175278639498961
	0.036 : (9, 32)
	0.042 : (11, 26)
	0.140 : (13, 26)
	0.096 : (13, 28)
	0.022 : (13, 37)
	0.050 : (15, 29)
	0.116 : (17, 29)
	0.236 : (17, 32)
	0.155 : (19, 26)
	0.075 : (19, 28)
 43 : 0.6197751031157567
	0.012 : (13, 23)
	0.740 : (14, 24)
	0.229 : (16, 24)
 44 : 0.6204246112404165
	0.039 : (9, 28)
	0.107 : (11, 29)
	0.033 : (13, 32)
	0.033 : (15, 26)
	0.247 : (15, 28)
	0.037 : (15, 35)
	0.018 : (15, 37)
	0.106 : (17, 26)
	0.276 : (19, 29)
	0.047 : (19, 32)
	0.014 : (19, 36)
 45 : 0.635478675341447
	0.012 : (10, 32)
	0.012 : (11, 33)
	0.034 : (12, 29)
	0.076 : (12, 32)
	0.016 : (13, 31)
	0.075 : (13, 33)
	0.020 : (14, 28)
	0.013 : (15, 30)
	0.246 : (16, 26)
	0.076 : (16, 28)
	0.151 : (17, 27)
	0.118 : (17, 30)
	0.028 : (18, 29)
	0.015 : (18, 32)
	0.021 : (19, 31)
	0.024 : (19, 33)
 46 : 0.6471850268614329
	0.013 : (8, 28)
	0.013 : (9, 30)
	0.047 : (10, 29)
	0.048 : (11, 31)
	0.011 : (12, 32)
	0.019 : (14, 26)
	0.154 : (14, 28)
	0.022 : (14, 35)
	0.045 : (15, 27)
	0.078 : (15, 30)
	0.040 : (15, 34)
	0.011 : (15, 38)
	0.026 : (16, 26)
	0.028 : (17, 27)
	0.185 : (18, 29)
	0.018 : (18, 32)
	0.149 : (19, 31)
 47 : 0.6475802452913819
	0.043 : (11, 24)
	0.761 : (13, 24)
	0.161 : (19, 24)
	0.012 : (21, 26)
	0.015 : (21, 35)
 48 : 0.6480374203264886
	0.012 : (8, 32)
	0.015 : (9, 33)
	0.015 : (10, 26)
	0.017 : (11, 27)
	0.070 : (12, 26)
	0.058 : (12, 28)
	0.037 : (13, 27)
	0.064 : (13, 30)
	0.071 : (14, 29)
	0.050 : (15, 31)
	0.065 : (16, 29)
	0.103 : (16, 32)
	0.040 : (17, 31)
	0.109 : (17, 33)
	0.036 : (18, 26)
	0.082 : (18, 28)
	0.013 : (19, 27)
	0.086 : (19, 30)
 49 : 0.6514436555742104
	0.017 : (8, 25)
	0.064 : (10, 23)
	0.010 : (12, 23)
	0.128 : (20, 33)
	0.070 : (20, 39)
	0.027 : (22, 27)
	0.013 : (22, 30)
	0.583 : (22, 34)
	0.066 : (22, 38)
 50 : 0.6535356535214247
	0.025 : (6, 24)
	0.013 : (9, 23)
	0.043 : (10, 24)
	0.587 : (12, 24)
	0.068 : (18, 24)
	0.025 : (20, 35)
	0.013 : (21, 27)
	0.072 : (21, 30)
	0.090 : (21, 34)
	0.013 : (21, 38)
 51 : 0.657958986409966
	0.019 : (9, 29)
	0.034 : (11, 26)
	0.120 : (11, 28)
	0.203 : (13, 26)
	0.013 : (13, 35)
	0.110 : (15, 29)
	0.062 : (17, 32)
	0.147 : (19, 26)
	0.166 : (19, 35)
	0.067 : (19, 37)
 52 : 0.6624079271780339
	0.013 : (8, 30)
	0.022 : (10, 33)
	0.030 : (12, 31)
	0.172 : (12, 33)
	0.018 : (14, 30)
	0.393 : (16, 27)
	0.245 : (16, 30)
	0.017 : (16, 38)
	0.013 : (18, 31)
	0.039 : (18, 33)
 53 : 0.6647866720738576
	0.015 : (8, 29)
	0.017 : (9, 31)
	0.067 : (10, 28)
	0.025 : (11, 27)
	0.053 : (11, 30)
	0.094 : (12, 26)
	0.099 : (13, 27)
	0.106 : (14, 29)
	0.012 : (14, 32)
	0.096 : (15, 31)
	0.061 : (16, 32)
	0.051 : (17, 33)
	0.018 : (18, 28)
	0.076 : (18, 35)
	0.025 : (18, 37)
	0.083 : (19, 34)
	0.028 : (19, 38)
 54 : 0.6663889940414003
	0.066 : (9, 25)
	0.275 : (11, 23)
	0.100 : (13, 23)
	0.020 : (15, 25)
	0.143 : (17, 25)
	0.014 : (19, 23)
	0.013 : (20, 29)
	0.047 : (20, 32)
	0.023 : (20, 36)
	0.017 : (22, 26)
	0.084 : (22, 28)
	0.167 : (22, 35)
	0.019 : (22, 37)
 55 : 0.6666420060022524
	0.015 : (6, 24)
	0.171 : (10, 24)
	0.276 : (12, 24)
	0.045 : (18, 24)
	0.051 : (20, 35)
	0.030 : (21, 27)
	0.147 : (21, 30)
	0.177 : (21, 34)
	0.018 : (21, 38)
	0.019 : (22, 32)
	0.018 : (22, 36)
 56 : 0.6739757910076749
	0.015 : (8, 30)
	0.084 : (10, 31)
	0.024 : (12, 31)
	0.108 : (14, 27)
	0.193 : (14, 30)
	0.091 : (14, 34)
	0.022 : (14, 38)
	0.016 : (16, 27)
	0.369 : (18, 31)
	0.012 : (18, 33)
	0.013 : (18, 39)
 57 : 0.6780196108714177
	0.023 : (8, 33)
	0.027 : (10, 27)
	0.094 : (12, 27)
	0.155 : (12, 30)
	0.015 : (12, 38)
	0.112 : (14, 31)
	0.015 : (14, 33)
	0.074 : (16, 31)
	0.255 : (16, 33)
	0.017 : (18, 27)
	0.174 : (18, 30)
	0.011 : (18, 34)
 58 : 0.6781517422474934
	0.676 : (21, 29)
	0.144 : (21, 32)
	0.170 : (21, 36)
 59 : 0.6809034774823338
	0.013 : (6, 23)
	0.055 : (8, 25)
	0.239 : (10, 23)
	0.141 : (12, 23)
	0.298 : (16, 25)
	0.014 : (18, 23)
	0.027 : (20, 31)
	0.012 : (20, 39)
	0.099 : (22, 30)
	0.069 : (22, 34)
	0.015 : (22, 38)
 60 : 0.6827819702463692
	0.014 : (6, 25)
	0.064 : (8, 23)
	0.016 : (12, 25)
	0.048 : (20, 27)
	0.410 : (20, 34)
	0.040 : (20, 38)
	0.029 : (22, 31)
	0.171 : (22, 33)
	0.197 : (22, 39)
 61 : 0.6840237628573753
	0.030 : (8, 31)
	0.032 : (10, 27)
	0.089 : (10, 30)
	0.150 : (12, 27)
	0.255 : (14, 31)
	0.016 : (14, 33)
	0.026 : (14, 39)
	0.104 : (16, 33)
	0.037 : (18, 30)
	0.168 : (18, 34)
	0.040 : (18, 38)
 62 : 0.6895193979391726
	0.035 : (11, 23)
	0.048 : (13, 23)
	0.029 : (15, 25)
	0.112 : (17, 25)
	0.017 : (19, 23)
	0.016 : (20, 29)
	0.089 : (20, 32)
	0.056 : (20, 36)
	0.042 : (21, 31)
	0.012 : (21, 39)
	0.030 : (22, 28)
	0.428 : (22, 35)
	0.065 : (22, 37)
 63 : 0.6954184001832099
	0.295 : (9, 23)
	0.113 : (10, 24)
	0.051 : (11, 25)
	0.164 : (13, 25)
	0.014 : (17, 23)
	0.026 : (20, 28)
	0.083 : (20, 35)
	0.012 : (20, 37)
	0.069 : (22, 29)
	0.088 : (22, 32)
	0.050 : (22, 36)
 64 : 0.7103492146609763
	0.011 : (6, 25)
	0.269 : (8, 23)
	0.108 : (10, 25)
	0.315 : (12, 25)
	0.059 : (16, 23)
	0.015 : (18, 25)
	0.036 : (20, 27)
	0.049 : (20, 30)
	0.044 : (20, 34)
	0.059 : (22, 31)
	0.025 : (22, 39)
 65 : 0.7235678458550453
	0.011 : (7, 23)
	0.033 : (9, 25)
	0.299 : (11, 23)
	0.087 : (13, 23)
	0.402 : (15, 25)
	0.075 : (17, 25)
	0.035 : (19, 23)
	0.021 : (22, 28)
	0.023 : (22, 35)
 66 : 0.7280909996822534
	0.626 : (21, 31)
	0.154 : (21, 33)
	0.134 : (21, 39)
	0.024 : (22, 28)
	0.044 : (22, 35)
 67 : 0.7285836762994021
	0.028 : (9, 23)
	0.128 : (13, 25)
	0.018 : (17, 23)
	0.011 : (19, 25)
	0.196 : (20, 26)
	0.165 : (20, 35)
	0.036 : (20, 37)
	0.075 : (21, 30)
	0.074 : (21, 34)
	0.032 : (22, 29)
	0.106 : (22, 32)
	0.113 : (22, 36)
 68 : 0.7309171842037379
	0.067 : (7, 24)
	0.675 : (11, 24)
	0.026 : (13, 24)
	0.010 : (19, 24)
	0.176 : (21, 28)
	0.042 : (21, 35)
 69 : 0.7332627531794177
	0.021 : (6, 23)
	0.026 : (8, 25)
	0.230 : (10, 23)
	0.128 : (12, 23)
	0.471 : (14, 25)
	0.064 : (16, 25)
	0.034 : (18, 23)
	0.017 : (22, 30)
 70 : 0.7462214139635378
	0.017 : (9, 23)
	0.245 : (10, 24)
	0.060 : (11, 25)
	0.367 : (13, 25)
	0.032 : (15, 23)
	0.049 : (17, 23)
	0.040 : (19, 25)
	0.098 : (21, 30)
	0.036 : (21, 34)
 71 : 0.7502938787688421
	0.049 : (9, 26)
	0.018 : (13, 32)
	0.415 : (15, 26)
	0.047 : (15, 35)
	0.169 : (17, 26)
	0.093 : (17, 35)
	0.051 : (17, 37)
	0.025 : (19, 29)
	0.048 : (19, 32)
	0.022 : (19, 36)
 72 : 0.7516937806916775
	0.012 : (7, 35)
	0.010 : (7, 37)
	0.014 : (9, 36)
	0.077 : (13, 28)
	0.022 : (13, 35)
	0.013 : (13, 37)
	0.057 : (15, 29)
	0.047 : (15, 36)
	0.303 : (17, 29)
	0.029 : (17, 32)
	0.039 : (17, 36)
	0.093 : (19, 26)
	0.079 : (19, 28)
	0.151 : (19, 35)
	0.010 : (19, 37)
 73 : 0.7612756268320104
	0.016 : (8, 26)
	0.021 : (9, 27)
	0.011 : (12, 32)
	0.218 : (14, 26)
	0.017 : (14, 35)
	0.177 : (15, 27)
	0.021 : (15, 30)
	0.019 : (15, 34)
	0.086 : (16, 26)
	0.012 : (16, 28)
	0.044 : (16, 35)
	0.019 : (16, 37)
	0.113 : (17, 27)
	0.047 : (17, 34)
	0.020 : (17, 38)
	0.020 : (18, 29)
	0.031 : (18, 32)
	0.012 : (18, 36)
	0.024 : (19, 33)
 74 : 0.7629513672597271
	0.043 : (12, 28)
	0.036 : (13, 30)
	0.029 : (14, 29)
	0.021 : (14, 36)
	0.019 : (15, 31)
	0.023 : (15, 39)
	0.177 : (16, 29)
	0.019 : (16, 36)
	0.103 : (17, 31)
	0.020 : (17, 39)
	0.106 : (18, 26)
	0.062 : (18, 28)
	0.082 : (18, 35)
	0.049 : (19, 30)
	0.070 : (19, 34)
 75 : 0.7667796362737326
	0.032 : (6, 25)
	0.164 : (8, 23)
	0.168 : (10, 25)
	0.439 : (12, 25)
	0.070 : (14, 23)
	0.045 : (16, 23)
	0.033 : (18, 25)
	0.026 : (22, 31)
 76 : 0.7721797274204968
	0.011 : (7, 29)
	0.012 : (9, 28)
	0.021 : (9, 35)
	0.077 : (13, 29)
	0.019 : (13, 32)
	0.049 : (15, 28)
	0.083 : (15, 35)
	0.117 : (17, 26)
	0.424 : (17, 28)
	0.084 : (17, 35)
	0.014 : (17, 37)
	0.023 : (19, 29)
	0.012 : (19, 32)
	0.022 : (19, 36)
 77 : 0.7725969034524782
	0.020 : (12, 29)
	0.025 : (13, 31)
	0.013 : (13, 33)
	0.019 : (14, 26)
	0.014 : (14, 28)
	0.024 : (14, 35)
	0.049 : (15, 27)
	0.013 : (15, 30)
	0.042 : (15, 34)
	0.030 : (16, 26)
	0.111 : (16, 28)
	0.059 : (16, 35)
	0.014 : (16, 37)
	0.359 : (17, 27)
	0.081 : (17, 30)
	0.017 : (17, 34)
	0.011 : (18, 29)
	0.013 : (19, 39)
 78 : 0.7730941124064344
	0.027 : (8, 27)
	0.010 : (12, 31)
	0.025 : (12, 33)
	0.329 : (14, 27)
	0.075 : (14, 30)
	0.032 : (14, 34)
	0.207 : (16, 27)
	0.119 : (16, 34)
	0.034 : (16, 38)
	0.021 : (18, 31)
	0.057 : (18, 33)
	0.022 : (18, 39)
 79 : 0.7763402947032031
	0.015 : (6, 34)
	0.010 : (8, 39)
	0.017 : (10, 30)
	0.084 : (12, 30)
	0.013 : (12, 34)
	0.012 : (12, 38)
	0.051 : (14, 31)
	0.045 : (14, 39)
	0.255 : (16, 31)
	0.047 : (16, 39)
	0.056 : (18, 27)
	0.172 : (18, 30)
	0.157 : (18, 34)
	0.021 : (18, 38)
 80 : 0.7812798916331237
	0.017 : (6, 24)
	0.024 : (7, 25)
	0.274 : (9, 23)
	0.291 : (10, 24)
	0.076 : (11, 25)
	0.092 : (13, 25)
	0.010 : (15, 23)
	0.012 : (20, 26)
	0.130 : (21, 30)
	0.024 : (22, 29)
 81 : 0.7831383952439837
	0.011 : (6, 31)
	0.011 : (8, 30)
	0.013 : (8, 34)
	0.069 : (12, 31)
	0.014 : (12, 33)
	0.011 : (14, 27)
	0.036 : (14, 30)
	0.097 : (14, 34)
	0.171 : (16, 27)
	0.313 : (16, 30)
	0.113 : (16, 34)
	0.031 : (16, 38)
	0.022 : (18, 31)
	0.018 : (18, 33)
	0.030 : (18, 39)
 82 : 0.7864584484875653
	0.035 : (12, 29)
	0.020 : (12, 32)
	0.043 : (14, 26)
	0.021 : (14, 35)
	0.026 : (15, 27)
	0.013 : (15, 30)
	0.371 : (16, 26)
	0.134 : (16, 28)
	0.111 : (17, 27)
	0.055 : (17, 30)
	0.051 : (17, 34)
	0.012 : (18, 29)
	0.028 : (18, 32)
	0.014 : (18, 36)
 83 : 0.7936192196690102
	0.024 : (10, 25)
	0.461 : (20, 27)
	0.138 : (20, 30)
	0.124 : (20, 34)
	0.018 : (20, 38)
	0.068 : (22, 31)
	0.145 : (22, 33)
	0.014 : (22, 39)
 84 : 0.7975776489497366
	0.196 : (20, 31)
	0.266 : (20, 33)
	0.191 : (22, 27)
	0.102 : (22, 30)
	0.083 : (22, 34)
	0.150 : (22, 38)
 85 : 0.8000167516739956
	0.020 : (12, 28)
	0.059 : (14, 32)
	0.113 : (16, 29)
	0.026 : (16, 32)
	0.031 : (17, 33)
	0.450 : (18, 26)
	0.211 : (19, 27)
	0.022 : (19, 34)
 86 : 0.8014412625119391
	0.033 : (11, 24)
	0.012 : (21, 26)
	0.497 : (21, 28)
	0.455 : (21, 35)
 87 : 0.8039103624815181
	0.294 : (20, 29)
	0.249 : (20, 32)
	0.086 : (22, 26)
	0.162 : (22, 28)
	0.115 : (22, 35)
	0.085 : (22, 37)
 88 : 0.8063263191577665
	0.016 : (7, 26)
	0.039 : (11, 26)
	0.012 : (11, 28)
	0.043 : (13, 26)
	0.019 : (13, 35)
	0.026 : (15, 29)
	0.064 : (15, 32)
	0.190 : (17, 29)
	0.184 : (17, 32)
	0.154 : (19, 26)
	0.068 : (19, 28)
	0.153 : (19, 35)
 89 : 0.8140290346265041
	0.170 : (20, 26)
	0.356 : (20, 28)
	0.251 : (20, 35)
	0.030 : (21, 30)
	0.054 : (22, 29)
	0.082 : (22, 32)
	0.034 : (22, 36)
 90 : 0.8185984173269883
	0.034 : (10, 26)
	0.013 : (11, 27)
	0.014 : (12, 26)
	0.017 : (13, 27)
	0.049 : (15, 33)
	0.066 : (16, 29)
	0.097 : (16, 32)
	0.102 : (17, 31)
	0.042 : (17, 33)
	0.053 : (18, 28)
	0.104 : (18, 35)
	0.250 : (19, 27)
	0.051 : (19, 30)
	0.028 : (19, 34)
 91 : 0.8225455804059694
	0.020 : (10, 29)
	0.037 : (12, 29)
	0.012 : (13, 39)
	0.016 : (14, 26)
	0.078 : (14, 28)
	0.062 : (15, 27)
	0.052 : (15, 30)
	0.019 : (15, 34)
	0.010 : (15, 38)
	0.178 : (16, 28)
	0.013 : (16, 35)
	0.047 : (17, 30)
	0.135 : (17, 34)
	0.153 : (18, 29)
	0.088 : (19, 31)
	0.034 : (19, 33)
 92 : 0.8234425940213795
	0.016 : (6, 27)
	0.081 : (10, 27)
	0.030 : (12, 27)
	0.011 : (12, 38)
	0.058 : (14, 33)
	0.271 : (16, 31)
	0.180 : (16, 33)
	0.094 : (18, 27)
	0.115 : (18, 30)
	0.103 : (18, 34)
 93 : 0.8241937667544204
	0.190 : (21, 29)
	0.796 : (21, 32)
 94 : 0.8322164904317533
	0.019 : (9, 28)
	0.029 : (11, 29)
	0.022 : (11, 32)
	0.042 : (13, 29)
	0.021 : (13, 36)
	0.187 : (15, 26)
	0.027 : (15, 28)
	0.073 : (15, 35)
	0.011 : (15, 37)
	0.016 : (17, 26)
	0.118 : (17, 28)
	0.263 : (17, 35)
	0.142 : (19, 32)
 95 : 0.8360644036767407
	0.012 : (9, 23)
	0.021 : (10, 24)
	0.382 : (21, 30)
	0.557 : (21, 34)
	0.012 : (22, 29)
 96 : 0.8401055386549631
	0.013 : (11, 31)
	0.033 : (12, 29)
	0.020 : (14, 26)
	0.022 : (14, 28)
	0.014 : (15, 27)
	0.127 : (15, 30)
	0.024 : (15, 34)
	0.156 : (16, 28)
	0.061 : (16, 35)
	0.022 : (17, 30)
	0.157 : (18, 29)
	0.055 : (18, 32)
	0.011 : (18, 36)
	0.207 : (19, 31)
	0.022 : (19, 33)
 97 : 0.8436255758735255
	0.059 : (13, 31)
	0.022 : (13, 33)
	0.156 : (14, 26)
	0.015 : (14, 28)
	0.021 : (14, 35)
	0.064 : (16, 26)
	0.034 : (16, 28)
	0.070 : (16, 35)
	0.290 : (17, 30)
	0.026 : (17, 34)
	0.010 : (18, 29)
	0.143 : (18, 32)
 98 : 0.8436308165137949
	0.024 : (10, 31)
	0.034 : (10, 33)
	0.053 : (12, 31)
	0.017 : (12, 39)
	0.157 : (14, 27)
	0.055 : (14, 30)
	0.046 : (14, 34)
	0.010 : (14, 38)
	0.031 : (16, 27)
	0.115 : (16, 30)
	0.286 : (16, 34)
	0.016 : (18, 31)
	0.132 : (18, 33)
 99 : 0.8468331570324806
	0.012 : (10, 26)
	0.017 : (10, 35)
	0.027 : (12, 26)
	0.030 : (12, 28)
	0.018 : (13, 34)
	0.029 : (14, 29)
	0.042 : (14, 32)
	0.058 : (15, 31)
	0.075 : (16, 29)
	0.012 : (16, 36)
	0.012 : (18, 26)
	0.239 : (18, 28)
	0.234 : (19, 30)
	0.099 : (19, 34)
	0.014 : (19, 38)
 100 : 0.8507703551285857
	0.504 : (6, 23)
	0.230 : (8, 25)
	0.133 : (10, 23)
	0.022 : (14, 25)
	0.029 : (16, 25)
	0.017 : (20, 33)
	0.038 : (22, 30)
	0.014 : (22, 38)
 101 : 0.8543085724564559
	0.013 : (7, 23)
	0.024 : (20, 29)
	0.013 : (20, 32)
	0.157 : (21, 31)
	0.734 : (21, 33)
	0.017 : (22, 28)
 102 : 0.8559259303268851
	0.057 : (12, 28)
	0.023 : (12, 35)
	0.025 : (13, 30)
	0.014 : (14, 29)
	0.023 : (14, 32)
	0.034 : (15, 33)
	0.251 : (16, 29)
	0.014 : (16, 36)
	0.188 : (17, 31)
	0.036 : (18, 26)
	0.073 : (18, 28)
	0.027 : (18, 35)
	0.015 : (19, 27)
	0.142 : (19, 30)
 103 : 0.8562445030870571
	0.150 : (20, 26)
	0.356 : (20, 28)
	0.074 : (20, 35)
	0.029 : (20, 37)
	0.178 : (22, 29)
	0.100 : (22, 32)
	0.104 : (22, 36)
 104 : 0.8571467624774437
	0.013 : (9, 29)
	0.035 : (11, 26)
	0.018 : (11, 28)
	0.020 : (11, 35)
	0.103 : (13, 26)
	0.052 : (13, 28)
	0.063 : (13, 35)
	0.241 : (15, 32)
	0.027 : (15, 36)
	0.111 : (17, 29)
	0.019 : (17, 32)
	0.065 : (17, 36)
	0.038 : (19, 26)
	0.016 : (19, 28)
	0.088 : (19, 35)
	0.064 : (19, 37)
 105 : 0.8630432142938702
	0.098 : (6, 25)
	0.205 : (8, 23)
	0.587 : (10, 25)
	0.021 : (14, 23)
	0.020 : (16, 23)
	0.023 : (20, 34)
	0.016 : (22, 39)
 106 : 0.864538376406494
	0.025 : (10, 27)
	0.014 : (10, 30)
	0.049 : (10, 34)
	0.114 : (12, 27)
	0.017 : (12, 30)
	0.067 : (12, 34)
	0.223 : (14, 33)
	0.019 : (14, 39)
	0.131 : (16, 31)
	0.032 : (16, 33)
	0.056 : (16, 39)
	0.029 : (18, 27)
	0.025 : (18, 30)
	0.115 : (18, 34)
	0.064 : (18, 38)
 107 : 0.8652438503116016
	0.922 : (9, 24)
	0.034 : (15, 24)
	0.027 : (17, 24)
	0.013 : (21, 29)
 108 : 0.8663860390076353
	0.013 : (7, 23)
	0.013 : (9, 25)
	0.353 : (20, 29)
	0.178 : (20, 32)
	0.022 : (20, 36)
	0.029 : (21, 31)
	0.065 : (21, 33)
	0.059 : (22, 26)
	0.084 : (22, 28)
	0.045 : (22, 35)
	0.128 : (22, 37)
 109 : 0.8680334782890845
	0.011 : (11, 33)
	0.024 : (13, 31)
	0.086 : (14, 26)
	0.012 : (14, 28)
	0.245 : (15, 27)
	0.067 : (15, 30)
	0.017 : (16, 26)
	0.067 : (16, 28)
	0.080 : (17, 27)
	0.116 : (17, 30)
	0.028 : (17, 34)
	0.078 : (18, 32)
	0.122 : (19, 33)
 110 : 0.8684535025282949
	0.014 : (11, 27)
	0.014 : (11, 30)
	0.019 : (11, 34)
	0.024 : (12, 26)
	0.011 : (12, 35)
	0.060 : (13, 27)
	0.067 : (13, 30)
	0.034 : (13, 34)
	0.064 : (14, 32)
	0.010 : (15, 31)
	0.073 : (15, 33)
	0.013 : (16, 29)
	0.293 : (17, 31)
	0.012 : (17, 33)
	0.019 : (17, 39)
	0.084 : (18, 35)
	0.019 : (18, 37)
	0.043 : (19, 27)
	0.050 : (19, 30)
	0.014 : (19, 38)
 111 : 0.8695571912230013
	0.032 : (11, 29)
	0.072 : (13, 29)
	0.017 : (13, 32)
	0.016 : (15, 26)
	0.122 : (15, 28)
	0.010 : (15, 37)
	0.155 : (17, 35)
	0.216 : (19, 29)
	0.216 : (19, 32)
	0.111 : (19, 36)
 112 : 0.8774528677097285
	0.038 : (7, 25)
	0.159 : (9, 23)
	0.018 : (10, 24)
	0.701 : (11, 25)
	0.019 : (13, 25)
	0.024 : (15, 23)
	0.015 : (17, 23)
 113 : 0.8825160221160805
	0.011 : (10, 29)
	0.024 : (12, 29)
	0.030 : (13, 31)
	0.026 : (14, 26)
	0.064 : (14, 28)
	0.015 : (15, 30)
	0.012 : (15, 34)
	0.015 : (15, 38)
	0.057 : (16, 35)
	0.010 : (17, 30)
	0.116 : (17, 34)
	0.056 : (18, 29)
	0.074 : (18, 32)
	0.047 : (18, 36)
	0.142 : (19, 31)
	0.178 : (19, 33)
	0.066 : (19, 39)
 114 : 0.883923764976634
	0.379 : (7, 23)
	0.028 : (8, 24)
	0.352 : (9, 25)
	0.093 : (11, 23)
	0.025 : (15, 25)
	0.026 : (17, 25)
	0.053 : (20, 29)
	0.012 : (21, 31)
 115 : 0.8918216697676606
	0.037 : (12, 31)
	0.043 : (14, 27)
	0.030 : (14, 30)
	0.050 : (14, 34)
	0.026 : (14, 38)
	0.031 : (16, 30)
	0.182 : (16, 34)
	0.169 : (18, 31)
	0.282 : (18, 33)
	0.115 : (18, 39)
 116 : 0.8952964249958064
	0.028 : (20, 27)
	0.502 : (20, 30)
	0.047 : (20, 34)
	0.038 : (20, 38)
	0.196 : (22, 31)
	0.084 : (22, 33)
	0.091 : (22, 39)
 117 : 0.9023110321897441
	0.017 : (6, 23)
	0.011 : (8, 25)
	0.496 : (20, 31)
	0.112 : (20, 33)
	0.034 : (20, 39)
	0.012 : (22, 27)
	0.146 : (22, 30)
	0.039 : (22, 34)
	0.131 : (22, 38)
 118 : 0.9037100558212123
	0.040 : (12, 29)
	0.032 : (13, 31)
	0.038 : (14, 26)
	0.072 : (14, 28)
	0.010 : (14, 35)
	0.040 : (15, 27)
	0.011 : (16, 26)
	0.283 : (16, 35)
	0.233 : (17, 34)
	0.072 : (18, 29)
	0.034 : (18, 32)
	0.013 : (18, 36)
	0.029 : (19, 31)
	0.037 : (19, 33)
	0.010 : (19, 39)
 119 : 0.9142406533972361
	0.016 : (10, 26)
	0.012 : (10, 28)
	0.015 : (11, 27)
	0.101 : (12, 26)
	0.013 : (12, 28)
	0.031 : (12, 35)
	0.070 : (13, 27)
	0.027 : (13, 30)
	0.015 : (13, 34)
	0.078 : (14, 29)
	0.076 : (15, 31)
	0.072 : (16, 32)
	0.011 : (16, 36)
	0.016 : (17, 31)
	0.113 : (17, 33)
	0.092 : (18, 35)
	0.186 : (19, 34)
 120 : 0.9245139724852401
	0.118 : (21, 29)
	0.056 : (21, 32)
	0.821 : (21, 36)
 121 : 0.9246137004403491
	0.015 : (9, 29)
	0.010 : (9, 32)
	0.031 : (11, 26)
	0.015 : (11, 28)
	0.140 : (13, 26)
	0.140 : (13, 35)
	0.016 : (13, 37)
	0.047 : (15, 29)
	0.124 : (15, 32)
	0.071 : (17, 32)
	0.102 : (17, 36)
	0.010 : (19, 26)
	0.053 : (19, 28)
	0.174 : (19, 35)
	0.027 : (19, 37)
 122 : 0.9279817481472721
	0.066 : (11, 27)
	0.038 : (12, 35)
	0.091 : (13, 27)
	0.014 : (13, 30)
	0.131 : (13, 34)
	0.021 : (15, 31)
	0.156 : (15, 33)
	0.061 : (16, 32)
	0.014 : (16, 36)
	0.091 : (17, 39)
	0.167 : (19, 34)
	0.038 : (19, 38)
 123 : 0.9307203384778289
	0.075 : (10, 27)
	0.082 : (12, 27)
	0.011 : (12, 30)
	0.271 : (12, 34)
	0.022 : (12, 38)
	0.025 : (14, 31)
	0.106 : (14, 33)
	0.013 : (14, 39)
	0.056 : (16, 33)
	0.144 : (16, 39)
	0.142 : (18, 34)
	0.029 : (18, 38)
 124 : 0.9321984838675167
	0.077 : (10, 26)
	0.059 : (12, 26)
	0.050 : (12, 35)
	0.010 : (13, 34)
	0.189 : (14, 32)
	0.043 : (15, 33)
	0.071 : (16, 36)
	0.012 : (17, 31)
	0.048 : (17, 33)
	0.030 : (18, 26)
	0.013 : (18, 28)
	0.224 : (18, 35)
	0.046 : (18, 37)
	0.054 : (19, 34)
 125 : 0.9329120849503685
	0.022 : (11, 29)
	0.061 : (13, 29)
	0.067 : (13, 32)
	0.030 : (13, 36)
	0.074 : (15, 26)
	0.079 : (15, 28)
	0.274 : (15, 35)
	0.026 : (15, 37)
	0.028 : (17, 26)
	0.011 : (17, 28)
	0.065 : (17, 35)
	0.057 : (17, 37)
	0.054 : (19, 29)
	0.112 : (19, 32)
	0.018 : (19, 36)
 126 : 0.9367116575596046
	0.034 : (12, 29)
	0.043 : (12, 32)
	0.020 : (12, 36)
	0.045 : (13, 31)
	0.042 : (13, 33)
	0.019 : (13, 39)
	0.022 : (14, 26)
	0.049 : (14, 28)
	0.152 : (14, 35)
	0.015 : (14, 37)
	0.094 : (15, 30)
	0.161 : (15, 34)
	0.033 : (16, 35)
	0.029 : (16, 37)
	0.012 : (17, 30)
	0.031 : (17, 34)
	0.039 : (17, 38)
	0.024 : (18, 29)
	0.044 : (18, 32)
	0.024 : (19, 31)
 127 : 0.9368687168129951
	0.245 : (7, 24)
	0.035 : (11, 24)
	0.010 : (13, 24)
	0.059 : (21, 26)
	0.037 : (21, 35)
	0.608 : (21, 37)
 128 : 0.938056125362423
	0.010 : (10, 39)
	0.090 : (12, 31)
	0.097 : (12, 33)
	0.041 : (12, 39)
	0.190 : (14, 30)
	0.337 : (14, 34)
	0.045 : (16, 34)
	0.083 : (16, 38)
	0.042 : (18, 31)
	0.016 : (18, 39)
 129 : 0.9476817419972144
	0.119 : (21, 31)
	0.029 : (21, 33)
	0.835 : (21, 39)
 130 : 0.9487019450494004
	0.156 : (11, 26)
	0.018 : (13, 26)
	0.094 : (13, 28)
	0.011 : (13, 37)
	0.226 : (15, 29)
	0.062 : (15, 32)
	0.064 : (15, 36)
	0.020 : (17, 32)
	0.095 : (17, 36)
	0.171 : (19, 28)
	0.038 : (19, 37)
 131 : 0.9518438896715828
	0.589 : (7, 24)
	0.075 : (11, 24)
	0.010 : (13, 24)
	0.020 : (21, 26)
	0.298 : (21, 37)
 132 : 0.9568034976200638
	0.121 : (10, 26)
	0.059 : (12, 26)
	0.054 : (12, 28)
	0.012 : (12, 37)
	0.264 : (14, 29)
	0.016 : (14, 32)
	0.045 : (14, 36)
	0.040 : (16, 32)
	0.027 : (16, 36)
	0.023 : (17, 39)
	0.200 : (18, 28)
	0.034 : (18, 35)
	0.014 : (18, 37)
	0.016 : (19, 30)
 133 : 0.9590287128608862
	0.128 : (9, 26)
	0.024 : (11, 29)
	0.056 : (11, 32)
	0.159 : (13, 32)
	0.034 : (15, 28)
	0.040 : (15, 35)
	0.050 : (15, 37)
	0.026 : (17, 26)
	0.014 : (17, 28)
	0.049 : (17, 35)
	0.136 : (17, 37)
	0.158 : (19, 29)
	0.087 : (19, 32)
	0.022 : (19, 36)
 134 : 0.9604336869544151
	0.046 : (21, 27)
	0.014 : (21, 30)
	0.012 : (21, 34)
	0.905 : (21, 38)
 135 : 0.9605100877692443
	0.016 : (10, 29)
	0.016 : (12, 29)
	0.029 : (13, 31)
	0.024 : (13, 33)
	0.116 : (14, 26)
	0.044 : (14, 28)
	0.025 : (14, 35)
	0.041 : (14, 37)
	0.052 : (15, 30)
	0.156 : (15, 34)
	0.012 : (17, 30)
	0.021 : (17, 38)
	0.110 : (18, 29)
	0.245 : (18, 32)
	0.021 : (19, 33)
	0.011 : (19, 39)
 136 : 0.9615552499747102
	0.021 : (7, 23)
	0.915 : (8, 24)
	0.014 : (9, 25)
	0.017 : (14, 24)
	0.018 : (16, 24)
 137 : 0.9685623033951941
	0.011 : (12, 29)
	0.011 : (13, 39)
	0.080 : (14, 28)
	0.236 : (15, 27)
	0.091 : (15, 30)
	0.073 : (16, 35)
	0.068 : (17, 27)
	0.172 : (17, 34)
	0.011 : (18, 29)
	0.011 : (19, 31)
	0.161 : (19, 33)
 138 : 0.9796538079261101
	0.036 : (8, 26)
	0.026 : (9, 27)
	0.012 : (10, 29)
	0.026 : (10, 32)
	0.015 : (11, 31)
	0.017 : (11, 33)
	0.122 : (12, 32)
	0.021 : (13, 33)
	0.023 : (14, 26)
	0.027 : (14, 28)
	0.076 : (14, 35)
	0.039 : (15, 30)
	0.025 : (15, 34)
	0.034 : (15, 38)
	0.033 : (16, 26)
	0.058 : (16, 35)
	0.102 : (16, 37)
	0.016 : (17, 34)
	0.032 : (17, 38)
	0.039 : (18, 29)
	0.022 : (18, 36)
	0.097 : (19, 31)
	0.056 : (19, 33)
 139 : 0.9801719306512262
	0.029 : (9, 26)
	0.042 : (9, 28)
	0.028 : (11, 29)
	0.021 : (11, 32)
	0.012 : (13, 36)
	0.209 : (15, 26)
	0.030 : (15, 28)
	0.126 : (15, 35)
	0.092 : (17, 26)
	0.166 : (17, 35)
	0.017 : (19, 29)
	0.171 : (19, 32)
	0.038 : (19, 36)
 140 : 0.9835053804537264
	0.145 : (10, 27)
	0.030 : (10, 30)
	0.021 : (10, 34)
	0.046 : (12, 27)
	0.073 : (12, 30)
	0.014 : (12, 38)
	0.233 : (14, 31)
	0.067 : (14, 39)
	0.020 : (16, 33)
	0.075 : (16, 39)
	0.223 : (18, 30)
	0.019 : (18, 38)
 141 : 0.9838239435505397
	0.075 : (11, 27)
	0.016 : (11, 30)
	0.129 : (12, 26)
	0.011 : (12, 28)
	0.010 : (12, 35)
	0.319 : (13, 27)
	0.024 : (14, 32)
	0.033 : (15, 31)
	0.032 : (15, 33)
	0.021 : (15, 39)
	0.046 : (16, 32)
	0.026 : (17, 31)
	0.071 : (17, 33)
	0.012 : (17, 39)
	0.012 : (19, 27)
	0.087 : (19, 30)
 142 : 0.9913289970087551
	0.022 : (8, 27)
	0.012 : (8, 30)
	0.027 : (10, 33)
	0.061 : (12, 31)
	0.137 : (12, 33)
	0.198 : (14, 27)
	0.046 : (14, 30)
	0.125 : (16, 27)
	0.118 : (16, 34)
	0.151 : (16, 38)
	0.053 : (18, 31)
	0.023 : (18, 33)
 143 : 0.9920401859199932
	0.012 : (9, 31)
	0.047 : (11, 27)
	0.066 : (12, 26)
	0.099 : (13, 27)
	0.133 : (13, 30)
	0.024 : (13, 34)
	0.014 : (13, 38)
	0.095 : (14, 29)
	0.027 : (14, 32)
	0.265 : (15, 31)
	0.041 : (15, 39)
	0.028 : (17, 33)
	0.010 : (17, 39)
	0.016 : (18, 28)
	0.039 : (19, 30)
 144 : 0.9923266560695162
	0.011 : (6, 24)
	0.027 : (20, 28)
	0.275 : (20, 35)
	0.040 : (20, 37)
	0.012 : (21, 38)
	0.615 : (22, 36)
 145 : 0.9928869707654007
	0.011 : (7, 28)
	0.096 : (9, 29)
	0.010 : (11, 26)
	0.026 : (11, 28)
	0.045 : (11, 35)
	0.260 : (13, 28)
	0.111 : (13, 35)
	0.011 : (13, 37)
	0.026 : (15, 29)
	0.049 : (15, 36)
	0.076 : (17, 29)
	0.093 : (17, 32)
	0.163 : (19, 28)
 146 : 0.9934847668640989
	0.011 : (8, 28)
	0.014 : (11, 31)
	0.030 : (13, 31)
	0.015 : (13, 33)
	0.141 : (14, 26)
	0.075 : (14, 28)
	0.150 : (14, 35)
	0.047 : (15, 27)
	0.017 : (15, 30)
	0.046 : (16, 26)
	0.135 : (16, 35)
	0.018 : (17, 27)
	0.095 : (18, 32)
	0.038 : (18, 36)
	0.021 : (19, 31)
	0.066 : (19, 33)
	0.011 : (19, 39)
 147 : 0.9974274779158274
	0.019 : (8, 27)
	0.075 : (10, 31)
	0.016 : (10, 33)
	0.024 : (12, 31)
	0.012 : (12, 33)
	0.109 : (14, 27)
	0.037 : (14, 30)
	0.044 : (14, 34)
	0.065 : (14, 38)
	0.032 : (16, 38)
	0.167 : (18, 31)
	0.280 : (18, 33)
	0.087 : (18, 39)
 148 : 0.99784530530205
	0.014 : (20, 30)
	0.305 : (20, 34)
	0.045 : (20, 38)
	0.013 : (22, 31)
	0.015 : (22, 33)
	0.602 : (22, 39)
 149 : 0.9984590141430008
	0.280 : (20, 32)
	0.069 : (20, 36)
	0.012 : (22, 28)
	0.619 : (22, 37)
 150 : 1.0058340116917581
	0.027 : (9, 26)
	0.035 : (9, 28)
	0.029 : (11, 32)
	0.425 : (13, 29)
	0.019 : (13, 32)
	0.018 : (13, 36)
	0.089 : (15, 28)
	0.012 : (15, 35)
	0.208 : (17, 28)
	0.069 : (19, 29)
	0.036 : (19, 36)
 151 : 1.006110562384174
	0.075 : (9, 27)
	0.050 : (11, 31)
	0.024 : (11, 33)
	0.074 : (12, 32)
	0.076 : (13, 33)
	0.046 : (14, 28)
	0.096 : (14, 35)
	0.029 : (15, 30)
	0.113 : (15, 34)
	0.038 : (15, 38)
	0.034 : (16, 37)
	0.069 : (17, 38)
	0.015 : (18, 29)
	0.020 : (18, 32)
	0.014 : (18, 36)
	0.064 : (19, 31)
	0.076 : (19, 33)
	0.048 : (19, 39)
 152 : 1.0065070809962111
	0.014 : (9, 31)
	0.020 : (11, 27)
	0.012 : (11, 34)
	0.068 : (12, 26)
	0.078 : (12, 28)
	0.026 : (13, 27)
	0.068 : (13, 30)
	0.226 : (13, 34)
	0.046 : (15, 31)
	0.018 : (15, 33)
	0.017 : (16, 29)
	0.086 : (16, 32)
	0.011 : (16, 36)
	0.014 : (17, 31)
	0.076 : (17, 33)
	0.039 : (17, 39)
	0.020 : (18, 35)
	0.022 : (19, 27)
	0.056 : (19, 30)
 153 : 1.007983995153548
	0.342 : (20, 33)
	0.079 : (20, 39)
	0.026 : (22, 30)
	0.539 : (22, 38)
 154 : 1.0135247420200546
	0.032 : (8, 29)
	0.030 : (10, 26)
	0.023 : (10, 35)
	0.011 : (11, 34)
	0.021 : (12, 26)
	0.171 : (12, 28)
	0.187 : (12, 35)
	0.025 : (13, 30)
	0.012 : (14, 29)
	0.033 : (14, 36)
	0.032 : (15, 33)
	0.012 : (15, 39)
	0.034 : (16, 29)
	0.135 : (16, 32)
	0.034 : (17, 33)
	0.024 : (17, 39)
	0.074 : (18, 28)
	0.011 : (19, 27)
 155 : 1.0148976291106466
	0.016 : (8, 31)
	0.015 : (10, 34)
	0.261 : (12, 27)
	0.249 : (12, 30)
	0.150 : (12, 34)
	0.080 : (14, 33)
	0.034 : (14, 39)
	0.053 : (16, 31)
	0.072 : (18, 27)
	0.021 : (18, 30)
	0.020 : (18, 38)
 156 : 1.01568689119247
	0.521 : (7, 23)
	0.443 : (9, 25)
	0.016 : (11, 23)
	0.013 : (13, 23)
 157 : 1.019631297779295
	0.853 : (6, 24)
	0.030 : (7, 25)
	0.012 : (9, 23)
	0.053 : (10, 24)
	0.015 : (20, 35)
 158 : 1.0229928078327502
	0.011 : (9, 29)
	0.012 : (11, 26)
	0.022 : (11, 28)
	0.035 : (11, 35)
	0.187 : (13, 26)
	0.121 : (13, 28)
	0.048 : (13, 35)
	0.011 : (15, 29)
	0.115 : (15, 32)
	0.020 : (15, 36)
	0.018 : (17, 29)
	0.090 : (17, 32)
	0.089 : (17, 36)
	0.038 : (19, 26)
	0.012 : (19, 28)
	0.149 : (19, 35)
 159 : 1.0274913385269462
	0.022 : (8, 26)
	0.022 : (8, 28)
	0.020 : (10, 32)
	0.473 : (12, 29)
	0.022 : (12, 36)
	0.059 : (14, 28)
	0.011 : (14, 35)
	0.015 : (15, 30)
	0.012 : (15, 34)
	0.161 : (16, 28)
	0.011 : (16, 35)
	0.011 : (16, 37)
	0.018 : (17, 30)
	0.039 : (18, 29)
	0.026 : (18, 36)
	0.014 : (19, 31)
 160 : 1.0302445708184833
	0.012 : (9, 31)
	0.048 : (10, 35)
	0.035 : (11, 27)
	0.029 : (11, 34)
	0.092 : (12, 26)
	0.011 : (12, 28)
	0.079 : (13, 27)
	0.040 : (13, 30)
	0.061 : (14, 29)
	0.017 : (14, 36)
	0.051 : (15, 33)
	0.010 : (15, 39)
	0.047 : (16, 36)
	0.187 : (17, 33)
	0.025 : (17, 39)
	0.020 : (18, 28)
	0.031 : (19, 30)
	0.111 : (19, 34)
	0.010 : (19, 38)
 161 : 1.0334333673310911
	0.022 : (6, 27)
	0.017 : (6, 30)
	0.014 : (6, 34)
	0.178 : (10, 27)
	0.050 : (10, 30)
	0.151 : (10, 34)
	0.012 : (10, 38)
	0.110 : (12, 27)
	0.049 : (14, 31)
	0.059 : (14, 33)
	0.046 : (14, 39)
	0.013 : (16, 31)
	0.102 : (16, 33)
	0.085 : (16, 39)
	0.042 : (18, 27)
	0.025 : (18, 30)
 162 : 1.0371126197285414
	0.086 : (9, 32)
	0.398 : (11, 26)
	0.020 : (13, 26)
	0.152 : (13, 35)
	0.011 : (13, 37)
	0.110 : (15, 32)
	0.016 : (17, 29)
	0.103 : (17, 32)
	0.020 : (17, 36)
	0.018 : (19, 26)
	0.017 : (19, 28)
 163 : 1.0380140603193782
	0.055 : (9, 26)
	0.102 : (9, 28)
	0.018 : (9, 35)
	0.222 : (11, 29)
	0.096 : (11, 32)
	0.061 : (13, 29)
	0.023 : (13, 32)
	0.016 : (13, 36)
	0.204 : (15, 28)
	0.059 : (15, 35)
	0.031 : (15, 37)
	0.011 : (19, 29)
	0.049 : (19, 32)
	0.012 : (19, 36)
 164 : 1.03912449903138
	0.011 : (10, 35)
	0.036 : (11, 34)
	0.256 : (12, 28)
	0.023 : (12, 35)
	0.011 : (13, 27)
	0.071 : (13, 30)
	0.028 : (13, 34)
	0.040 : (14, 29)
	0.089 : (14, 32)
	0.077 : (15, 31)
	0.024 : (15, 33)
	0.021 : (15, 39)
	0.054 : (16, 29)
	0.042 : (16, 32)
	0.025 : (16, 36)
	0.098 : (18, 35)
	0.022 : (19, 30)
 165 : 1.0441642435094518
	0.023 : (9, 27)
	0.052 : (9, 30)
	0.011 : (10, 32)
	0.035 : (11, 33)
	0.064 : (12, 29)
	0.409 : (13, 31)
	0.025 : (13, 33)
	0.028 : (13, 39)
	0.011 : (14, 35)
	0.055 : (15, 30)
	0.130 : (17, 30)
	0.018 : (17, 34)
	0.054 : (19, 31)
	0.027 : (19, 39)
 166 : 1.0446188861796413
	0.011 : (6, 35)
	0.011 : (7, 34)
	0.175 : (10, 26)
	0.060 : (10, 28)
	0.150 : (11, 27)
	0.018 : (11, 30)
	0.014 : (12, 28)
	0.022 : (12, 35)
	0.019 : (13, 34)
	0.140 : (14, 32)
	0.129 : (15, 33)
	0.012 : (16, 32)
	0.010 : (17, 33)
	0.011 : (17, 39)
	0.030 : (18, 26)
	0.032 : (18, 35)
	0.024 : (19, 27)
	0.011 : (19, 30)
	0.034 : (19, 34)
 167 : 1.0517142462570728
	0.020 : (8, 31)
	0.168 : (10, 27)
	0.015 : (10, 30)
	0.065 : (10, 34)
	0.014 : (12, 27)
	0.057 : (12, 34)
	0.012 : (12, 38)
	0.036 : (14, 31)
	0.215 : (14, 33)
	0.044 : (14, 39)
	0.016 : (16, 39)
	0.110 : (18, 30)
	0.186 : (18, 34)
 168 : 1.0532645146323532
	0.013 : (7, 26)
	0.046 : (7, 35)
	0.024 : (9, 29)
	0.259 : (11, 28)
	0.099 : (11, 35)
	0.017 : (13, 26)
	0.032 : (13, 28)
	0.036 : (13, 35)
	0.067 : (15, 29)
	0.104 : (15, 32)
	0.069 : (15, 36)
	0.050 : (17, 29)
	0.039 : (17, 36)
	0.043 : (19, 26)
	0.011 : (19, 28)
	0.017 : (19, 35)
	0.032 : (19, 37)
 169 : 1.0551749755678272
	0.013 : (20, 29)
	0.029 : (20, 32)
	0.798 : (20, 36)
	0.010 : (22, 26)
	0.099 : (22, 35)
	0.044 : (22, 37)
 170 : 1.055716362234665
	0.011 : (9, 33)
	0.292 : (10, 26)
	0.213 : (11, 27)
	0.013 : (11, 34)
	0.031 : (12, 35)
	0.012 : (13, 34)
	0.032 : (14, 29)
	0.066 : (14, 32)
	0.012 : (15, 31)
	0.125 : (15, 33)
	0.021 : (16, 32)
	0.010 : (18, 35)
	0.011 : (19, 27)
	0.023 : (19, 30)
	0.027 : (19, 34)
 171 : 1.0611510865430207
	0.011 : (6, 33)
	0.035 : (8, 27)
	0.031 : (8, 30)
	0.102 : (10, 33)
	0.248 : (12, 31)
	0.034 : (12, 39)
	0.153 : (14, 30)
	0.015 : (14, 34)
	0.026 : (14, 38)
	0.128 : (16, 30)
	0.020 : (16, 34)
	0.037 : (16, 38)
	0.071 : (18, 31)
	0.037 : (18, 33)
	0.038 : (18, 39)
 172 : 1.0612916930929404
	0.028 : (8, 28)
	0.033 : (9, 30)
	0.175 : (10, 29)
	0.073 : (10, 32)
	0.057 : (11, 31)
	0.011 : (11, 33)
	0.028 : (12, 29)
	0.014 : (12, 32)
	0.014 : (12, 36)
	0.089 : (13, 31)
	0.012 : (13, 33)
	0.083 : (14, 28)
	0.032 : (14, 35)
	0.038 : (14, 37)
	0.051 : (15, 30)
	0.029 : (15, 34)
	0.014 : (16, 28)
	0.017 : (16, 37)
	0.017 : (17, 30)
	0.025 : (18, 32)
	0.056 : (18, 36)
	0.025 : (19, 33)
 173 : 1.0638704068483735
	0.013 : (8, 32)
	0.013 : (9, 33)
	0.042 : (10, 26)
	0.109 : (10, 28)
	0.045 : (10, 35)
	0.028 : (11, 27)
	0.019 : (11, 30)
	0.021 : (11, 34)
	0.045 : (12, 26)
	0.046 : (12, 28)
	0.188 : (12, 35)
	0.011 : (13, 34)
	0.061 : (14, 32)
	0.020 : (14, 36)
	0.016 : (15, 39)
	0.066 : (16, 29)
	0.073 : (16, 32)
	0.029 : (16, 36)
	0.018 : (17, 31)
	0.019 : (18, 26)
	0.011 : (18, 35)
 174 : 1.0639303929196797
	0.022 : (20, 31)
	0.031 : (20, 33)
	0.770 : (20, 39)
	0.010 : (22, 27)
	0.109 : (22, 34)
	0.053 : (22, 38)
 175 : 1.0674617069390058
	0.016 : (20, 26)
	0.030 : (20, 35)
	0.839 : (20, 37)
	0.083 : (22, 32)
	0.021 : (22, 36)
 176 : 1.069259942590762
	0.025 : (7, 28)
	0.072 : (9, 29)
	0.038 : (11, 26)
	0.145 : (11, 28)
	0.011 : (11, 35)
	0.055 : (13, 26)
	0.215 : (13, 28)
	0.108 : (13, 35)
	0.121 : (15, 29)
	0.029 : (15, 32)
	0.042 : (15, 36)
	0.075 : (17, 29)
	0.015 : (19, 26)
	0.023 : (19, 37)
 177 : 1.071766077349887
	0.010 : (20, 27)
	0.017 : (20, 30)
	0.031 : (20, 34)
	0.800 : (20, 38)
	0.098 : (22, 33)
	0.030 : (22, 39)
 178 : 1.0720471056940368
	0.091 : (9, 27)
	0.013 : (9, 30)
	0.011 : (9, 34)
	0.040 : (10, 29)
	0.044 : (10, 32)
	0.086 : (11, 31)
	0.078 : (11, 33)
	0.012 : (12, 36)
	0.016 : (13, 31)
	0.012 : (13, 39)
	0.018 : (14, 28)
	0.069 : (14, 35)
	0.030 : (14, 37)
	0.074 : (15, 30)
	0.096 : (15, 34)
	0.052 : (15, 38)
	0.051 : (16, 37)
	0.021 : (17, 38)
	0.012 : (18, 29)
	0.013 : (18, 32)
	0.038 : (18, 36)
	0.014 : (19, 31)
	0.055 : (19, 33)
	0.012 : (19, 39)
 179 : 1.0739183258701417
	0.037 : (9, 31)
	0.036 : (9, 33)
	0.028 : (10, 28)
	0.032 : (11, 27)
	0.127 : (11, 30)
	0.053 : (12, 26)
	0.058 : (12, 28)
	0.068 : (12, 35)
	0.083 : (13, 30)
	0.112 : (13, 34)
	0.039 : (14, 29)
	0.013 : (14, 32)
	0.024 : (15, 33)
	0.042 : (16, 36)
	0.057 : (17, 31)
	0.071 : (17, 33)
	0.018 : (17, 39)
	0.011 : (18, 37)
 180 : 1.0803875003480556
	0.374 : (6, 23)
	0.596 : (8, 25)
	0.015 : (10, 23)
 181 : 1.0841409062587277
	0.051 : (8, 30)
	0.211 : (10, 31)
	0.044 : (10, 33)
	0.013 : (10, 39)
	0.214 : (12, 31)
	0.050 : (12, 33)
	0.058 : (14, 30)
	0.058 : (14, 34)
	0.042 : (14, 38)
	0.092 : (16, 30)
	0.017 : (16, 34)
	0.046 : (18, 33)
	0.062 : (18, 39)
 182 : 1.0870894287909205
	0.025 : (8, 31)
	0.027 : (8, 33)
	0.062 : (10, 27)
	0.208 : (10, 30)
	0.036 : (10, 34)
	0.131 : (12, 30)
	0.120 : (12, 34)
	0.019 : (12, 38)
	0.028 : (14, 33)
	0.118 : (16, 31)
	0.124 : (16, 33)
	0.019 : (16, 39)
	0.014 : (18, 27)
	0.038 : (18, 38)
 183 : 1.0925179587741325
	0.011 : (7, 29)
	0.030 : (7, 32)
	0.248 : (9, 26)
	0.015 : (9, 28)
	0.013 : (9, 35)
	0.011 : (11, 29)
	0.015 : (11, 32)
	0.048 : (11, 36)
	0.034 : (13, 32)
	0.018 : (13, 36)
	0.085 : (15, 35)
	0.029 : (17, 35)
	0.114 : (17, 37)
	0.028 : (19, 29)
	0.272 : (19, 36)
 184 : 1.0943060240544606
	0.045 : (6, 24)
	0.865 : (7, 25)
	0.066 : (9, 23)
	0.010 : (13, 25)
 185 : 1.0981661525060302
	0.019 : (8, 29)
	0.027 : (10, 26)
	0.099 : (10, 28)
	0.023 : (11, 27)
	0.032 : (11, 30)
	0.025 : (12, 28)
	0.022 : (12, 35)
	0.018 : (13, 27)
	0.236 : (13, 30)
	0.064 : (13, 34)
	0.020 : (14, 29)
	0.033 : (14, 36)
	0.072 : (15, 31)
	0.016 : (15, 39)
	0.016 : (16, 36)
	0.070 : (17, 31)
	0.072 : (18, 37)
	0.057 : (19, 38)
 186 : 1.1042733863308944
	0.018 : (7, 28)
	0.013 : (7, 37)
	0.036 : (9, 29)
	0.017 : (9, 36)
	0.073 : (11, 26)
	0.019 : (11, 28)
	0.023 : (11, 35)
	0.016 : (13, 26)
	0.012 : (13, 35)
	0.093 : (13, 37)
	0.018 : (15, 29)
	0.040 : (15, 32)
	0.023 : (15, 36)
	0.104 : (17, 36)
	0.022 : (19, 26)
	0.454 : (19, 37)
 187 : 1.1083269878489403
	0.014 : (7, 33)
	0.048 : (8, 26)
	0.011 : (8, 28)
	0.174 : (9, 27)
	0.017 : (9, 34)
	0.013 : (10, 32)
	0.012 : (10, 36)
	0.028 : (11, 39)
	0.014 : (13, 33)
	0.014 : (13, 39)
	0.020 : (14, 35)
	0.057 : (15, 34)
	0.105 : (17, 38)
	0.091 : (18, 36)
	0.026 : (19, 31)
	0.247 : (19, 39)
 188 : 1.1091941701004704
	0.013 : (7, 29)
	0.040 : (9, 26)
	0.068 : (9, 28)
	0.012 : (9, 35)
	0.181 : (11, 29)
	0.079 : (11, 32)
	0.142 : (13, 29)
	0.175 : (13, 32)
	0.011 : (15, 26)
	0.028 : (15, 28)
	0.054 : (15, 37)
	0.013 : (17, 26)
	0.151 : (19, 36)
 189 : 1.1137492425348312
	0.044 : (10, 27)
	0.082 : (10, 30)
	0.022 : (12, 27)
	0.180 : (12, 30)
	0.059 : (12, 34)
	0.018 : (12, 38)
	0.073 : (14, 31)
	0.050 : (14, 39)
	0.045 : (16, 31)
	0.012 : (16, 33)
	0.016 : (16, 39)
	0.357 : (18, 38)
 190 : 1.118095857380096
	0.013 : (6, 28)
	0.016 : (7, 30)
	0.025 : (8, 29)
	0.033 : (9, 31)
	0.041 : (10, 28)
	0.026 : (11, 27)
	0.036 : (11, 30)
	0.014 : (11, 34)
	0.045 : (12, 37)
	0.059 : (13, 38)
	0.016 : (14, 29)
	0.020 : (14, 32)
	0.028 : (15, 31)
	0.054 : (15, 33)
	0.014 : (16, 32)
	0.031 : (16, 36)
	0.052 : (17, 39)
	0.014 : (18, 26)
	0.206 : (18, 37)
	0.012 : (19, 27)
	0.156 : (19, 38)
 191 : 1.1193051511168859
	0.798 : (6, 25)
	0.163 : (8, 23)
	0.016 : (10, 25)
 192 : 1.1211835417583913
	0.012 : (7, 32)
	0.031 : (9, 26)
	0.049 : (9, 37)
	0.024 : (13, 29)
	0.176 : (13, 32)
	0.024 : (15, 35)
	0.144 : (15, 37)
	0.023 : (17, 26)
	0.354 : (17, 37)
	0.019 : (19, 32)
	0.105 : (19, 36)
 193 : 1.1264132576682164
	0.014 : (8, 26)
	0.024 : (8, 28)
	0.244 : (10, 29)
	0.041 : (10, 32)
	0.060 : (12, 29)
	0.279 : (12, 32)
	0.037 : (14, 28)
	0.021 : (14, 35)
	0.101 : (14, 37)
	0.016 : (16, 26)
	0.035 : (16, 37)
	0.049 : (18, 36)
 194 : 1.1279655648473483
	0.015 : (6, 31)
	0.012 : (6, 33)
	0.136 : (8, 27)
	0.017 : (8, 34)
	0.020 : (10, 31)
	0.042 : (10, 33)
	0.023 : (10, 39)
	0.043 : (12, 33)
	0.018 : (12, 39)
	0.088 : (14, 34)
	0.031 : (14, 38)
	0.046 : (18, 31)
	0.015 : (18, 33)
	0.453 : (18, 39)
 195 : 1.1307939576069632
	0.031 : (9, 31)
	0.011 : (10, 26)
	0.131 : (10, 28)
	0.033 : (10, 35)
	0.033 : (11, 27)
	0.104 : (11, 30)
	0.033 : (11, 34)
	0.011 : (11, 38)
	0.025 : (12, 37)
	0.020 : (13, 38)
	0.026 : (14, 32)
	0.016 : (14, 36)
	0.026 : (15, 33)
	0.035 : (15, 39)
	0.049 : (16, 36)
	0.070 : (17, 39)
	0.153 : (18, 37)
	0.119 : (19, 38)
 196 : 1.1309498053237563
	0.013 : (8, 28)
	0.077 : (9, 27)
	0.057 : (10, 29)
	0.020 : (10, 32)
	0.013 : (11, 33)
	0.019 : (12, 29)
	0.088 : (12, 32)
	0.024 : (12, 36)
	0.063 : (14, 35)
	0.035 : (14, 37)
	0.043 : (16, 37)
	0.082 : (17, 38)
	0.016 : (18, 29)
	0.018 : (18, 32)
	0.360 : (18, 36)
	0.010 : (19, 39)
 197 : 1.1384234635104098
	0.012 : (9, 34)
	0.036 : (9, 38)
	0.017 : (10, 29)
	0.015 : (10, 32)
	0.014 : (12, 32)
	0.011 : (13, 31)
	0.270 : (13, 33)
	0.019 : (14, 35)
	0.053 : (15, 34)
	0.095 : (15, 38)
	0.028 : (16, 37)
	0.012 : (17, 27)
	0.013 : (17, 30)
	0.183 : (17, 38)
	0.017 : (18, 36)
	0.125 : (19, 39)
 198 : 1.1390286229735958
	0.011 : (6, 27)
	0.049 : (6, 30)
	0.077 : (8, 31)
	0.030 : (8, 33)
	0.230 : (10, 30)
	0.012 : (10, 34)
	0.038 : (12, 30)
	0.088 : (12, 38)
	0.082 : (14, 31)
	0.081 : (14, 33)
	0.028 : (16, 33)
	0.031 : (16, 39)
	0.020 : (18, 27)
	0.016 : (18, 34)
	0.173 : (18, 38)
 199 : 1.1390490583990918
	0.332 : (7, 26)
	0.049 : (9, 29)
	0.281 : (9, 32)
	0.013 : (9, 36)
	0.022 : (11, 26)
	0.080 : (11, 37)
	0.015 : (13, 26)
	0.059 : (13, 35)
	0.042 : (13, 37)
	0.010 : (15, 29)
	0.026 : (15, 36)
	0.012 : (17, 36)
	0.022 : (19, 35)
 200 : 1.1443433408206993
	0.012 : (7, 31)
	0.021 : (9, 27)
	0.080 : (9, 30)
	0.215 : (11, 31)
	0.039 : (11, 33)
	0.121 : (13, 31)
	0.188 : (13, 33)
	0.041 : (15, 30)
	0.029 : (15, 38)
	0.019 : (17, 30)
	0.013 : (18, 36)
	0.137 : (19, 39)
 201 : 1.145667951188416
	0.018 : (6, 26)
	0.045 : (7, 27)
	0.011 : (9, 33)
	0.037 : (9, 39)
	0.140 : (10, 28)
	0.219 : (11, 30)
	0.085 : (11, 34)
	0.019 : (12, 35)
	0.011 : (12, 37)
	0.111 : (13, 34)
	0.011 : (14, 32)
	0.025 : (15, 39)
	0.015 : (16, 32)
	0.017 : (16, 36)
	0.084 : (17, 39)
	0.026 : (18, 37)
	0.047 : (19, 38)
 202 : 1.149012913672483
	0.011 : (7, 28)
	0.087 : (9, 32)
	0.063 : (9, 36)
	0.040 : (11, 28)
	0.406 : (11, 35)
	0.032 : (11, 37)
	0.013 : (13, 26)
	0.075 : (13, 35)
	0.112 : (17, 36)
	0.118 : (19, 37)
 203 : 1.1525314952143981
	0.029 : (8, 27)
	0.027 : (8, 38)
	0.186 : (10, 31)
	0.255 : (12, 33)
	0.044 : (14, 30)
	0.015 : (14, 34)
	0.141 : (14, 38)
	0.012 : (16, 27)
	0.017 : (16, 30)
	0.216 : (16, 38)
 204 : 1.153818404430848
	0.021 : (6, 26)
	0.060 : (7, 27)
	0.021 : (8, 36)
	0.036 : (9, 31)
	0.031 : (9, 39)
	0.012 : (10, 26)
	0.074 : (10, 28)
	0.057 : (10, 35)
	0.161 : (11, 34)
	0.073 : (12, 35)
	0.019 : (13, 34)
	0.012 : (13, 38)
	0.015 : (14, 32)
	0.023 : (14, 36)
	0.023 : (15, 31)
	0.131 : (16, 36)
	0.038 : (17, 39)
	0.112 : (19, 38)
 205 : 1.1557307176875338
	0.101 : (9, 26)
	0.233 : (9, 35)
	0.031 : (9, 37)
	0.038 : (11, 29)
	0.267 : (11, 32)
	0.052 : (11, 36)
	0.116 : (13, 36)
	0.026 : (15, 37)
	0.017 : (17, 37)
	0.013 : (19, 32)
	0.057 : (19, 36)
 206 : 1.1599054368869277
	0.080 : (6, 26)
	0.113 : (7, 27)
	0.096 : (8, 32)
	0.052 : (9, 31)
	0.203 : (9, 33)
	0.020 : (10, 35)
	0.039 : (10, 37)
	0.024 : (11, 30)
	0.083 : (11, 34)
	0.068 : (11, 38)
	0.012 : (13, 27)
	0.012 : (13, 30)
	0.033 : (13, 38)
	0.021 : (17, 39)
	0.069 : (18, 37)
 207 : 1.163363730312169
	0.016 : (6, 29)
	0.012 : (8, 26)
	0.016 : (8, 28)
	0.011 : (8, 35)
	0.014 : (8, 37)
	0.049 : (9, 27)
	0.125 : (9, 34)
	0.050 : (10, 29)
	0.066 : (10, 32)
	0.025 : (10, 36)
	0.084 : (11, 33)
	0.011 : (11, 39)
	0.071 : (13, 39)
	0.013 : (14, 35)
	0.021 : (14, 37)
	0.056 : (15, 38)
	0.191 : (16, 37)
	0.018 : (17, 38)
	0.010 : (19, 33)
	0.087 : (19, 39)
 208 : 1.1644040978296848
	0.057 : (6, 33)
	0.185 : (8, 27)
	0.050 : (8, 30)
	0.023 : (8, 38)
	0.151 : (10, 31)
	0.101 : (10, 33)
	0.109 : (12, 31)
	0.027 : (14, 30)
	0.186 : (16, 38)
	0.073 : (18, 39)
 209 : 1.1704542360355323
	0.028 : (6, 27)
	0.015 : (8, 31)
	0.058 : (8, 39)
	0.024 : (10, 30)
	0.303 : (10, 34)
	0.097 : (12, 34)
	0.029 : (14, 31)
	0.011 : (14, 33)
	0.014 : (14, 39)
	0.296 : (16, 39)
	0.077 : (18, 38)
 210 : 1.171819996890281
	0.030 : (6, 32)
	0.242 : (8, 26)
	0.014 : (8, 37)
	0.034 : (9, 27)
	0.049 : (9, 34)
	0.058 : (10, 29)
	0.122 : (10, 32)
	0.078 : (11, 33)
	0.034 : (12, 32)
	0.016 : (13, 33)
	0.030 : (13, 39)
	0.012 : (15, 38)
	0.155 : (16, 37)
	0.023 : (17, 38)
	0.025 : (19, 39)
 211 : 1.181348349006362
	0.042 : (8, 26)
	0.041 : (8, 35)
	0.030 : (9, 27)
	0.015 : (9, 30)
	0.057 : (9, 34)
	0.015 : (9, 38)
	0.078 : (10, 29)
	0.037 : (10, 32)
	0.140 : (11, 31)
	0.049 : (11, 33)
	0.027 : (11, 39)
	0.105 : (12, 32)
	0.062 : (12, 36)
	0.013 : (13, 33)
	0.020 : (14, 35)
	0.079 : (14, 37)
	0.011 : (15, 34)
	0.014 : (16, 37)
	0.054 : (17, 38)
	0.016 : (18, 32)
	0.031 : (18, 36)
 212 : 1.1827632464713964
	0.343 : (6, 27)
	0.010 : (6, 34)
	0.065 : (8, 31)
	0.268 : (8, 33)
	0.019 : (10, 30)
	0.119 : (10, 38)
	0.014 : (12, 30)
	0.037 : (12, 38)
	0.012 : (14, 31)
	0.012 : (14, 39)
	0.042 : (18, 38)
 213 : 1.190424404618224
	0.015 : (6, 26)
	0.019 : (6, 28)
	0.025 : (8, 29)
	0.018 : (8, 36)
	0.019 : (9, 31)
	0.059 : (10, 28)
	0.263 : (10, 35)
	0.033 : (11, 30)
	0.109 : (11, 34)
	0.049 : (12, 35)
	0.010 : (13, 34)
	0.166 : (16, 36)
	0.036 : (17, 39)
	0.083 : (18, 37)
	0.045 : (19, 38)
 214 : 1.1907781774547765
	0.101 : (7, 29)
	0.032 : (7, 36)
	0.331 : (9, 28)
	0.062 : (9, 35)
	0.174 : (11, 29)
	0.017 : (11, 36)
	0.041 : (13, 32)
	0.050 : (15, 35)
	0.098 : (15, 37)
	0.023 : (17, 28)
	0.023 : (19, 36)
 215 : 1.1926653648650305
	0.051 : (6, 31)
	0.143 : (8, 27)
	0.011 : (8, 30)
	0.195 : (8, 34)
	0.031 : (10, 31)
	0.221 : (10, 33)
	0.113 : (10, 39)
	0.106 : (12, 39)
	0.011 : (14, 30)
	0.015 : (14, 34)
	0.040 : (16, 38)
	0.016 : (18, 39)
 216 : 1.2063622068100415
	0.048 : (7, 26)
	0.023 : (7, 28)
	0.026 : (7, 35)
	0.013 : (7, 37)
	0.198 : (9, 29)
	0.013 : (9, 32)
	0.032 : (9, 36)
	0.162 : (11, 28)
	0.107 : (11, 35)
	0.025 : (13, 35)
	0.025 : (13, 37)
	0.010 : (15, 29)
	0.020 : (15, 32)
	0.074 : (15, 36)
	0.144 : (17, 36)
	0.019 : (19, 35)
	0.038 : (19, 37)
 217 : 1.2084542044895001
	0.069 : (6, 29)
	0.034 : (7, 31)
	0.021 : (7, 39)
	0.015 : (8, 26)
	0.115 : (8, 28)
	0.012 : (9, 27)
	0.150 : (9, 30)
	0.093 : (9, 34)
	0.020 : (10, 32)
	0.036 : (10, 36)
	0.112 : (11, 31)
	0.015 : (11, 33)
	0.015 : (12, 32)
	0.025 : (13, 33)
	0.029 : (13, 39)
	0.017 : (14, 35)
	0.024 : (14, 37)
	0.027 : (15, 34)
	0.089 : (15, 38)
	0.012 : (17, 30)
	0.011 : (19, 39)
 218 : 1.2138320622965921
	0.010 : (7, 34)
	0.131 : (10, 35)
	0.014 : (11, 27)
	0.104 : (11, 34)
	0.019 : (12, 37)
	0.014 : (13, 34)
	0.041 : (13, 38)
	0.023 : (15, 33)
	0.053 : (16, 36)
	0.178 : (17, 39)
	0.110 : (18, 37)
	0.208 : (19, 38)
 219 : 1.221590492463791
	0.028 : (6, 29)
	0.012 : (6, 32)
	0.142 : (8, 26)
	0.051 : (8, 28)
	0.044 : (8, 35)
	0.184 : (9, 27)
	0.053 : (9, 30)
	0.137 : (10, 32)
	0.036 : (10, 36)
	0.020 : (11, 31)
	0.149 : (11, 33)
	0.049 : (12, 36)
	0.010 : (15, 34)
	0.017 : (16, 37)
 220 : 1.222691180591725
	0.076 : (6, 26)
	0.011 : (6, 35)
	0.016 : (7, 34)
	0.010 : (8, 29)
	0.014 : (8, 32)
	0.013 : (8, 36)
	0.078 : (9, 31)
	0.072 : (9, 33)
	0.014 : (9, 39)
	0.011 : (10, 28)
	0.062 : (10, 35)
	0.066 : (11, 30)
	0.047 : (11, 34)
	0.012 : (11, 38)
	0.059 : (12, 37)
	0.032 : (13, 34)
	0.050 : (14, 36)
	0.096 : (15, 39)
	0.047 : (16, 36)
	0.078 : (17, 39)
	0.029 : (18, 37)
	0.019 : (19, 34)
 221 : 1.2297829085129155
	0.082 : (6, 31)
	0.019 : (6, 39)
	0.185 : (8, 30)
	0.034 : (8, 34)
	0.039 : (10, 31)
	0.014 : (10, 33)
	0.026 : (10, 39)
	0.114 : (12, 33)
	0.092 : (12, 39)
	0.039 : (14, 34)
	0.278 : (14, 38)
	0.015 : (16, 30)
	0.017 : (16, 38)
	0.028 : (18, 33)
 222 : 1.2340243819420902
	0.016 : (7, 26)
	0.038 : (7, 28)
	0.206 : (9, 29)
	0.054 : (11, 28)
	0.068 : (13, 35)
	0.425 : (15, 36)
	0.106 : (17, 36)
	0.032 : (19, 35)
 223 : 1.2380773552227402
	0.025 : (7, 29)
	0.026 : (9, 26)
	0.067 : (9, 28)
	0.023 : (9, 37)
	0.023 : (11, 29)
	0.154 : (11, 32)
	0.024 : (13, 32)
	0.090 : (13, 36)
	0.365 : (15, 37)
	0.127 : (17, 37)
	0.024 : (19, 32)
 224 : 1.2399210026860081
	0.015 : (6, 30)
	0.026 : (6, 34)
	0.010 : (6, 38)
	0.040 : (8, 31)
	0.031 : (8, 33)
	0.023 : (8, 39)
	0.037 : (10, 30)
	0.166 : (10, 34)
	0.016 : (10, 38)
	0.067 : (12, 34)
	0.048 : (12, 38)
	0.018 : (14, 33)
	0.307 : (14, 39)
	0.132 : (16, 39)
	0.026 : (18, 34)
	0.010 : (18, 38)
 225 : 1.2399676655341785
	0.097 : (6, 26)
	0.021 : (7, 27)
	0.030 : (8, 29)
	0.145 : (8, 32)
	0.034 : (9, 31)
	0.060 : (9, 33)
	0.015 : (10, 28)
	0.091 : (10, 35)
	0.047 : (10, 37)
	0.054 : (12, 35)
	0.017 : (12, 37)
	0.035 : (13, 38)
	0.261 : (14, 36)
	0.050 : (16, 36)
	0.017 : (18, 35)
 226 : 1.245283177992061
	0.020 : (8, 26)
	0.032 : (9, 27)
	0.049 : (9, 30)
	0.158 : (9, 34)
	0.022 : (11, 39)
	0.010 : (12, 36)
	0.073 : (13, 33)
	0.054 : (14, 37)
	0.014 : (15, 30)
	0.318 : (15, 38)
	0.024 : (16, 37)
	0.127 : (17, 38)
	0.026 : (19, 33)
 227 : 1.2460995510356763
	0.012 : (7, 32)
	0.162 : (9, 26)
	0.215 : (9, 35)
	0.033 : (11, 29)
	0.081 : (11, 32)
	0.013 : (11, 36)
	0.041 : (13, 32)
	0.198 : (13, 36)
	0.040 : (15, 35)
	0.097 : (15, 37)
	0.012 : (17, 26)
	0.060 : (17, 37)
	0.013 : (19, 36)
 228 : 1.2549635334794302
	0.075 : (6, 28)
	0.032 : (7, 30)
	0.192 : (8, 29)
	0.012 : (8, 32)
	0.027 : (9, 31)
	0.011 : (9, 33)
	0.027 : (10, 28)
	0.018 : (10, 35)
	0.044 : (11, 30)
	0.018 : (12, 35)
	0.015 : (12, 37)
	0.027 : (13, 34)
	0.084 : (13, 38)
	0.083 : (14, 36)
	0.016 : (15, 33)
	0.161 : (15, 39)
	0.013 : (16, 36)
	0.012 : (17, 33)
	0.026 : (17, 39)
	0.016 : (18, 37)
	0.019 : (19, 38)
 229 : 1.2575318797485917
	0.039 : (6, 29)
	0.055 : (8, 26)
	0.051 : (8, 28)
	0.012 : (8, 37)
	0.022 : (10, 29)
	0.237 : (10, 32)
	0.050 : (12, 36)
	0.347 : (14, 37)
	0.026 : (15, 38)
	0.061 : (16, 37)
 230 : 1.2593005801459167
	0.017 : (6, 26)
	0.038 : (6, 28)
	0.022 : (7, 30)
	0.091 : (8, 29)
	0.024 : (8, 32)
	0.057 : (9, 31)
	0.011 : (10, 28)
	0.012 : (11, 30)
	0.016 : (12, 35)
	0.022 : (13, 34)
	0.203 : (14, 36)
	0.314 : (15, 39)
	0.014 : (16, 36)
	0.022 : (17, 39)
	0.011 : (19, 34)
	0.030 : (19, 38)
 231 : 1.2612672080557927
	0.025 : (7, 26)
	0.013 : (7, 28)
	0.039 : (7, 35)
	0.084 : (9, 29)
	0.020 : (11, 28)
	0.044 : (11, 37)
	0.013 : (13, 35)
	0.526 : (13, 37)
	0.027 : (15, 32)
	0.015 : (15, 36)
	0.042 : (17, 32)
	0.103 : (19, 37)
 232 : 1.2669863608593945
	0.033 : (7, 31)
	0.088 : (8, 26)
	0.012 : (8, 28)
	0.028 : (9, 27)
	0.026 : (9, 30)
	0.045 : (9, 34)
	0.014 : (9, 38)
	0.077 : (11, 31)
	0.153 : (11, 33)
	0.015 : (11, 39)
	0.050 : (12, 36)
	0.142 : (13, 39)
	0.015 : (14, 35)
	0.083 : (14, 37)
	0.051 : (15, 38)
	0.040 : (16, 37)
	0.032 : (17, 38)
	0.026 : (19, 39)
 233 : 1.268414176120078
	0.098 : (6, 30)
	0.011 : (6, 34)
	0.017 : (6, 38)
	0.110 : (8, 31)
	0.035 : (10, 30)
	0.051 : (12, 34)
	0.229 : (12, 38)
	0.040 : (14, 33)
	0.238 : (14, 39)
	0.011 : (16, 31)
	0.029 : (16, 33)
	0.034 : (16, 39)
	0.010 : (18, 34)
	0.055 : (18, 38)
 234 : 1.2726710703010395
	0.084 : (6, 31)
	0.022 : (6, 33)
	0.021 : (6, 39)
	0.016 : (8, 27)
	0.152 : (8, 30)
	0.087 : (8, 34)
	0.028 : (8, 38)
	0.058 : (10, 33)
	0.031 : (12, 33)
	0.026 : (12, 39)
	0.015 : (14, 30)
	0.024 : (14, 34)
	0.299 : (14, 38)
	0.112 : (16, 38)
	0.013 : (18, 33)
 235 : 1.2741223259179038
	0.012 : (7, 31)
	0.040 : (8, 26)
	0.010 : (8, 35)
	0.013 : (9, 27)
	0.055 : (9, 30)
	0.015 : (9, 34)
	0.022 : (11, 31)
	0.021 : (11, 33)
	0.016 : (12, 32)
	0.450 : (12, 36)
	0.125 : (13, 39)
	0.030 : (14, 35)
	0.040 : (14, 37)
	0.021 : (16, 35)
	0.028 : (16, 37)
	0.028 : (18, 36)
 236 : 1.2742409485510986
	0.014 : (7, 29)
	0.017 : (9, 26)
	0.204 : (9, 35)
	0.082 : (11, 32)
	0.109 : (11, 36)
	0.393 : (13, 36)
	0.011 : (15, 35)
	0.024 : (15, 37)
	0.045 : (17, 35)
	0.067 : (19, 36)
 237 : 1.275224966518795
	0.165 : (7, 27)
	0.235 : (9, 31)
	0.016 : (9, 33)
	0.055 : (11, 30)
	0.036 : (11, 38)
	0.135 : (12, 37)
	0.015 : (13, 30)
	0.203 : (13, 38)
	0.020 : (17, 33)
	0.015 : (18, 37)
	0.015 : (19, 38)
 238 : 1.2796074113043738
	0.030 : (6, 29)
	0.093 : (8, 28)
	0.075 : (9, 30)
	0.067 : (9, 34)
	0.013 : (10, 32)
	0.028 : (11, 33)
	0.063 : (11, 39)
	0.100 : (12, 36)
	0.260 : (13, 39)
	0.028 : (15, 34)
	0.064 : (15, 38)
	0.018 : (17, 34)
	0.048 : (17, 38)
	0.031 : (18, 36)
	0.011 : (19, 39)
 239 : 1.282937919815948
	0.030 : (6, 31)
	0.010 : (6, 39)
	0.149 : (8, 27)
	0.071 : (8, 30)
	0.026 : (10, 31)
	0.118 : (10, 33)
	0.019 : (12, 33)
	0.440 : (12, 39)
	0.015 : (14, 34)
	0.012 : (16, 27)
	0.031 : (16, 34)
	0.034 : (18, 39)
 240 : 1.2834524526124322
	0.142 : (6, 26)
	0.029 : (6, 28)
	0.052 : (7, 27)
	0.010 : (7, 30)
	0.202 : (8, 29)
	0.053 : (8, 32)
	0.062 : (9, 31)
	0.021 : (9, 33)
	0.022 : (10, 28)
	0.031 : (10, 37)
	0.249 : (12, 37)
	0.010 : (14, 32)
	0.012 : (14, 36)
	0.019 : (16, 32)
	0.018 : (18, 37)
 241 : 1.297836254339109
	0.284 : (7, 26)
	0.128 : (7, 35)
	0.049 : (7, 37)
	0.028 : (9, 29)
	0.212 : (9, 32)
	0.026 : (9, 36)
	0.029 : (11, 26)
	0.028 : (11, 28)
	0.094 : (11, 35)
	0.046 : (13, 37)
	0.043 : (15, 36)
	0.016 : (17, 36)
 242 : 1.2979148775903873
	0.063 : (6, 27)
	0.094 : (6, 30)
	0.286 : (8, 31)
	0.055 : (10, 30)
	0.015 : (10, 34)
	0.015 : (10, 38)
	0.011 : (12, 30)
	0.378 : (12, 38)
	0.017 : (14, 39)
	0.018 : (16, 33)
	0.015 : (18, 38)
 243 : 1.2983943002420362
	0.028 : (6, 29)
	0.012 : (7, 31)
	0.172 : (8, 28)
	0.187 : (9, 30)
	0.085 : (9, 34)
	0.015 : (11, 31)
	0.066 : (11, 33)
	0.018 : (11, 39)
	0.027 : (12, 36)
	0.154 : (13, 39)
	0.017 : (16, 37)
	0.027 : (17, 34)
	0.019 : (17, 38)
	0.022 : (18, 36)
	0.071 : (19, 39)
 244 : 1.3073719152724586
	0.011 : (6, 31)
	0.030 : (6, 33)
	0.022 : (6, 39)
	0.060 : (8, 27)
	0.336 : (8, 34)
	0.011 : (10, 31)
	0.156 : (10, 33)
	0.115 : (10, 39)
	0.162 : (12, 39)
	0.011 : (14, 27)
	0.019 : (14, 38)
	0.022 : (16, 34)
	0.025 : (18, 39)
 245 : 1.3087011545540879
	0.201 : (7, 29)
	0.126 : (7, 32)
	0.103 : (7, 36)
	0.014 : (9, 26)
	0.202 : (9, 28)
	0.017 : (9, 35)
	0.023 : (9, 37)
	0.053 : (11, 29)
	0.193 : (11, 36)
	0.013 : (13, 29)
	0.012 : (13, 36)
 246 : 1.316033646958964
	0.010 : (6, 26)
	0.037 : (6, 35)
	0.230 : (7, 27)
	0.103 : (7, 34)
	0.033 : (7, 38)
	0.039 : (8, 32)
	0.049 : (9, 31)
	0.198 : (9, 33)
	0.020 : (9, 39)
	0.013 : (11, 27)
	0.043 : (11, 30)
	0.100 : (11, 34)
	0.014 : (13, 38)
	0.036 : (15, 39)
	0.016 : (17, 39)
 247 : 1.3252067599435902
	0.057 : (6, 32)
	0.032 : (6, 36)
	0.012 : (7, 31)
	0.021 : (8, 26)
	0.013 : (8, 28)
	0.550 : (8, 35)
	0.019 : (8, 37)
	0.021 : (9, 34)
	0.033 : (10, 32)
	0.129 : (10, 36)
	0.013 : (11, 39)
	0.028 : (12, 36)
	0.013 : (16, 35)
	0.012 : (16, 37)
 248 : 1.3315852264876629
	0.079 : (6, 27)
	0.370 : (6, 34)
	0.036 : (6, 38)
	0.023 : (8, 31)
	0.169 : (8, 33)
	0.087 : (8, 39)
	0.071 : (10, 30)
	0.064 : (10, 34)
	0.024 : (12, 38)
	0.033 : (14, 39)
	0.026 : (16, 39)
 249 : 1.3341573341984279
	0.011 : (6, 29)
	0.037 : (6, 32)
	0.035 : (6, 36)
	0.066 : (7, 31)
	0.055 : (7, 33)
	0.036 : (7, 39)
	0.032 : (8, 26)
	0.166 : (8, 28)
	0.052 : (9, 30)
	0.018 : (9, 34)
	0.014 : (9, 38)
	0.046 : (10, 29)
	0.240 : (10, 36)
	0.023 : (11, 31)
	0.013 : (11, 33)
	0.090 : (11, 39)
 250 : 1.3361035032846638
	0.083 : (6, 26)
	0.013 : (6, 28)
	0.152 : (6, 35)
	0.018 : (6, 37)
	0.010 : (7, 34)
	0.048 : (8, 29)
	0.115 : (8, 32)
	0.043 : (8, 36)
	0.030 : (9, 31)
	0.014 : (10, 28)
	0.181 : (12, 37)
	0.122 : (13, 38)
	0.062 : (14, 36)
	0.030 : (15, 39)
	0.029 : (16, 36)
 251 : 1.3386083844188792
	0.013 : (6, 26)
	0.049 : (6, 35)
	0.139 : (7, 27)
	0.135 : (7, 30)
	0.160 : (7, 34)
	0.018 : (8, 32)
	0.015 : (8, 36)
	0.028 : (9, 31)
	0.115 : (9, 33)
	0.029 : (9, 39)
	0.031 : (11, 27)
	0.171 : (13, 38)
	0.011 : (15, 39)
 252 : 1.3401491515030053
	0.049 : (7, 26)
	0.255 : (7, 28)
	0.280 : (7, 35)
	0.027 : (9, 29)
	0.109 : (9, 32)
	0.051 : (9, 36)
	0.032 : (11, 26)
	0.019 : (11, 28)
	0.023 : (11, 35)
	0.107 : (13, 37)
 253 : 1.351899238306218
	0.016 : (6, 31)
	0.111 : (6, 33)
	0.059 : (6, 39)
	0.072 : (8, 27)
	0.170 : (8, 30)
	0.042 : (8, 34)
	0.025 : (8, 38)
	0.094 : (10, 31)
	0.368 : (10, 39)
 254 : 1.3794332950709987
	0.048 : (6, 29)
	0.045 : (6, 32)
	0.036 : (6, 36)
	0.137 : (7, 31)
	0.075 : (7, 33)
	0.030 : (7, 39)
	0.069 : (8, 35)
	0.013 : (8, 37)
	0.032 : (9, 34)
	0.035 : (9, 38)
	0.019 : (10, 29)
	0.207 : (10, 36)
	0.012 : (11, 31)
	0.170 : (11, 39)
	0.011 : (15, 38)
 255 : 1.3832501838929223
	0.075 : (6, 28)
	0.021 : (6, 35)
	0.047 : (6, 37)
	0.042 : (8, 29)
	0.191 : (8, 32)
	0.034 : (10, 26)
	0.450 : (10, 37)
	0.022 : (11, 38)
	0.047 : (12, 37)
	0.010 : (16, 32)
 256 : 1.3879363245438752
	0.111 : (6, 27)
	0.145 : (6, 30)
	0.112 : (6, 34)
	0.045 : (6, 38)
	0.058 : (8, 31)
	0.231 : (8, 33)
	0.017 : (8, 39)
	0.053 : (10, 27)
	0.169 : (10, 38)
	0.026 : (12, 38)
 257 : 1.3946110074027958
	0.267 : (6, 27)
	0.026 : (6, 30)
	0.042 : (6, 34)
	0.010 : (10, 30)
	0.011 : (10, 34)
	0.590 : (10, 38)
	0.014 : (14, 33)
 258 : 1.3948684548145844
	0.254 : (6, 26)
	0.113 : (6, 28)
	0.030 : (6, 35)
	0.023 : (7, 30)
	0.037 : (7, 34)
	0.035 : (8, 29)
	0.050 : (8, 32)
	0.041 : (10, 35)
	0.268 : (10, 37)
	0.027 : (11, 38)
	0.040 : (12, 37)
	0.017 : (13, 38)
 259 : 1.395023348784318
	0.106 : (7, 26)
	0.017 : (7, 35)
	0.019 : (7, 37)
	0.035 : (9, 32)
	0.011 : (9, 36)
	0.752 : (11, 37)
	0.014 : (13, 37)
	0.016 : (15, 32)
 260 : 1.4024645721726254
	0.197 : (7, 29)
	0.116 : (7, 32)
	0.092 : (9, 35)
	0.034 : (9, 37)
	0.015 : (11, 32)
	0.468 : (11, 36)
	0.017 : (13, 36)
	0.016 : (15, 35)
 261 : 1.408012186730256
	0.046 : (7, 27)
	0.012 : (7, 30)
	0.015 : (7, 38)
	0.053 : (9, 33)
	0.059 : (10, 37)
	0.733 : (11, 38)
	0.019 : (13, 38)
	0.015 : (15, 33)
 262 : 1.4122122605556224
	0.198 : (6, 29)
	0.113 : (6, 32)
	0.039 : (7, 31)
	0.053 : (7, 33)
	0.017 : (8, 26)
	0.047 : (8, 28)
	0.074 : (8, 35)
	0.023 : (8, 37)
	0.027 : (9, 34)
	0.029 : (9, 38)
	0.124 : (10, 36)
	0.175 : (11, 39)
 263 : 1.4143657454836356
	0.040 : (7, 26)
	0.504 : (7, 28)
	0.105 : (7, 35)
	0.015 : (7, 37)
	0.058 : (9, 29)
	0.030 : (9, 32)
	0.172 : (9, 36)
	0.020 : (11, 35)
	0.017 : (15, 36)
	0.011 : (17, 36)
 264 : 1.4173906368529887
	0.216 : (6, 31)
	0.224 : (6, 33)
	0.057 : (8, 27)
	0.029 : (8, 30)
	0.077 : (8, 34)
	0.079 : (8, 38)
	0.014 : (10, 33)
	0.237 : (10, 39)
	0.010 : (14, 34)
	0.012 : (16, 38)
 265 : 1.4233153628857498
	0.170 : (6, 29)
	0.051 : (6, 32)
	0.144 : (7, 31)
	0.085 : (7, 33)
	0.032 : (8, 28)
	0.013 : (8, 35)
	0.037 : (9, 34)
	0.032 : (9, 38)
	0.089 : (10, 36)
	0.282 : (11, 39)
 266 : 1.4296977724821198
	0.320 : (7, 29)
	0.283 : (7, 32)
	0.010 : (7, 36)
	0.022 : (9, 26)
	0.022 : (9, 28)
	0.010 : (9, 35)
	0.256 : (9, 37)
	0.022 : (11, 32)
	0.017 : (11, 36)
	0.013 : (15, 37)
	0.015 : (17, 37)
 267 : 1.4367124520789858
	0.029 : (6, 26)
	0.453 : (6, 28)
	0.046 : (6, 35)
	0.016 : (6, 37)
	0.144 : (7, 30)
	0.056 : (7, 34)
	0.057 : (8, 29)
	0.036 : (8, 32)
	0.023 : (12, 37)
	0.034 : (13, 38)
	0.031 : (14, 36)
	0.020 : (15, 39)
 268 : 1.4489538070394072
	0.034 : (6, 26)
	0.064 : (6, 28)
	0.088 : (6, 35)
	0.423 : (7, 30)
	0.027 : (7, 34)
	0.017 : (7, 38)
	0.052 : (8, 29)
	0.024 : (8, 32)
	0.044 : (8, 36)
	0.033 : (9, 31)
	0.024 : (9, 33)
	0.103 : (9, 39)
	0.015 : (15, 39)
 269 : 1.4591052038667645
	0.129 : (6, 29)
	0.113 : (6, 32)
	0.258 : (7, 31)
	0.093 : (7, 33)
	0.015 : (7, 39)
	0.025 : (8, 26)
	0.032 : (8, 28)
	0.013 : (8, 35)
	0.050 : (8, 37)
	0.025 : (9, 30)
	0.171 : (9, 38)
	0.011 : (11, 33)
	0.019 : (11, 39)
 270 : 1.4674794407243303
	0.029 : (6, 26)
	0.028 : (6, 28)
	0.303 : (6, 35)
	0.052 : (7, 30)
	0.207 : (7, 34)
	0.048 : (8, 29)
	0.031 : (8, 32)
	0.074 : (8, 36)
	0.024 : (9, 31)
	0.011 : (9, 33)
	0.100 : (9, 39)
	0.011 : (11, 34)
	0.016 : (12, 37)
	0.020 : (13, 38)
 271 : 1.4697303644367024
	0.167 : (6, 29)
	0.252 : (6, 32)
	0.122 : (7, 31)
	0.095 : (7, 33)
	0.031 : (8, 26)
	0.033 : (8, 28)
	0.036 : (8, 35)
	0.080 : (8, 37)
	0.129 : (9, 38)
 272 : 1.4853110314621942
	0.018 : (6, 27)
	0.480 : (6, 30)
	0.101 : (6, 34)
	0.031 : (6, 38)
	0.180 : (8, 31)
	0.081 : (8, 33)
	0.081 : (8, 39)
 273 : 1.4950303813362447
	0.423 : (6, 31)
	0.210 : (6, 33)
	0.019 : (6, 39)
	0.015 : (8, 27)
	0.142 : (8, 30)
	0.030 : (8, 34)
	0.127 : (8, 38)
	0.015 : (10, 39)
 274 : 1.5073899520935523
	0.056 : (7, 28)
	0.293 : (7, 35)
	0.023 : (7, 37)
	0.011 : (9, 29)
	0.553 : (9, 36)
	0.027 : (11, 35)
	0.012 : (13, 35)
 275 : 1.5180278169601311
	0.027 : (7, 29)
	0.344 : (7, 32)
	0.033 : (7, 36)
	0.530 : (9, 37)
	0.018 : (11, 32)
 276 : 1.522187472140616
	0.049 : (7, 30)
	0.289 : (7, 34)
	0.017 : (7, 38)
	0.013 : (9, 31)
	0.568 : (9, 39)
	0.023 : (11, 34)
	0.011 : (13, 34)
 277 : 1.5347777116180161
	0.027 : (7, 31)
	0.440 : (7, 33)
	0.023 : (7, 39)
	0.021 : (9, 30)
	0.446 : (9, 38)
	0.013 : (11, 33)
 278 : 1.584546901748158
	0.021 : (6, 28)
	0.176 : (6, 35)
	0.045 : (6, 37)
	0.697 : (8, 36)
	0.016 : (10, 35)
 279 : 1.5894204900376552
	0.049 : (7, 29)
	0.037 : (7, 32)
	0.772 : (7, 36)
	0.066 : (9, 35)
	0.020 : (9, 37)
	0.031 : (11, 36)
 280 : 1.5895922877575612
	0.011 : (6, 30)
	0.229 : (6, 34)
	0.054 : (6, 38)
	0.015 : (8, 33)
	0.638 : (8, 39)
	0.014 : (10, 34)
 281 : 1.5914953095630835
	0.190 : (6, 32)
	0.070 : (6, 36)
	0.012 : (7, 39)
	0.666 : (8, 37)
	0.011 : (10, 32)
 282 : 1.5987186919884626
	0.260 : (6, 33)
	0.081 : (6, 39)
	0.017 : (8, 30)
	0.590 : (8, 38)
	0.012 : (10, 33)
 283 : 1.6021417519347905
	0.043 : (7, 26)
	0.022 : (7, 35)
	0.816 : (7, 37)
	0.054 : (9, 32)
	0.012 : (9, 36)
	0.020 : (11, 37)
	0.018 : (13, 37)
 284 : 1.6123747962689687
	0.010 : (6, 32)
	0.038 : (6, 36)
	0.041 : (7, 31)
	0.022 : (7, 33)
	0.735 : (7, 39)
	0.014 : (8, 35)
	0.029 : (8, 37)
	0.049 : (9, 34)
	0.013 : (9, 38)
	0.018 : (11, 39)
 285 : 1.6214147539652664
	0.011 : (6, 35)
	0.063 : (6, 37)
	0.021 : (7, 27)
	0.010 : (7, 30)
	0.011 : (7, 34)
	0.758 : (7, 38)
	0.012 : (8, 32)
	0.045 : (9, 33)
	0.012 : (9, 39)
	0.013 : (11, 38)
 286 : 1.6447083804795368
	0.012 : (6, 29)
	0.023 : (6, 32)
	0.734 : (6, 36)
	0.076 : (7, 39)
	0.072 : (8, 35)
	0.035 : (8, 37)
	0.020 : (10, 36)
 287 : 1.6475730042928605
	0.025 : (6, 31)
	0.033 : (6, 33)
	0.725 : (6, 39)
	0.104 : (8, 34)
	0.063 : (8, 38)
	0.027 : (10, 39)
 288 : 1.653753426026448
	0.014 : (6, 27)
	0.017 : (6, 30)
	0.032 : (6, 34)
	0.756 : (6, 38)
	0.094 : (8, 33)
	0.042 : (8, 39)
	0.020 : (10, 38)
	0.013 : (12, 38)
 289 : 1.6582265730743122
	0.014 : (6, 26)
	0.016 : (6, 35)
	0.749 : (6, 37)
	0.095 : (7, 38)
	0.061 : (8, 32)
	0.025 : (8, 36)
	0.018 : (10, 37)
 290 : 10.546472543191975
	0.352 : (4, 25)
	0.647 : (5, 23)
 291 : 10.54663118662897
	0.647 : (4, 23)
	0.352 : (5, 25)
 292 : 10.5519908533673
	0.356 : (1, 25)
	0.643 : (2, 23)
 293 : 10.552008711299107
	0.644 : (1, 23)
	0.356 : (2, 25)
 294 : 10.637824359026707
	0.998 : (3, 24)
 295 : 10.63946919887107
	1.000 : (0, 24)
 296 : 10.95040997577276
	1.000 : (3, 23)
 297 : 10.966837459003594
	1.000 : (3, 25)
 298 : 10.97201292986342
	1.000 : (0, 23)
 299 : 10.975460249209984
	1.000 : (5, 24)
 300 : 10.9754799942287
	1.000 : (4, 24)
 301 : 10.996298301677193
	0.998 : (0, 25)
 302 : 10.999938982090084
	0.258 : (4, 29)
	0.201 : (4, 32)
	0.217 : (5, 26)
	0.294 : (5, 28)
	0.013 : (5, 35)
	0.017 : (5, 37)
 303 : 10.9999402270021
	0.217 : (4, 26)
	0.294 : (4, 28)
	0.013 : (4, 35)
	0.017 : (4, 37)
	0.258 : (5, 29)
	0.201 : (5, 32)
 304 : 11.00356785393291
	0.198 : (4, 29)
	0.199 : (4, 32)
	0.064 : (4, 36)
	0.249 : (5, 26)
	0.148 : (5, 28)
	0.074 : (5, 35)
	0.067 : (5, 37)
 305 : 11.003569954210715
	0.249 : (4, 26)
	0.148 : (4, 28)
	0.074 : (4, 35)
	0.067 : (4, 37)
	0.198 : (5, 29)
	0.199 : (5, 32)
	0.064 : (5, 36)
 306 : 11.005305040010732
	0.999 : (2, 24)
 307 : 11.005337837417212
	1.000 : (1, 24)
 308 : 11.01029339594769
	0.734 : (3, 27)
	0.041 : (3, 30)
	0.082 : (3, 34)
	0.143 : (3, 38)
 309 : 11.01220355788916
	0.112 : (1, 26)
	0.021 : (1, 37)
	0.098 : (2, 32)
	0.011 : (2, 36)
	0.297 : (4, 27)
	0.018 : (4, 30)
	0.032 : (4, 34)
	0.075 : (4, 38)
	0.024 : (5, 31)
	0.266 : (5, 33)
	0.040 : (5, 39)
 310 : 11.012222294171123
	0.098 : (1, 32)
	0.011 : (1, 36)
	0.113 : (2, 26)
	0.021 : (2, 37)
	0.024 : (4, 31)
	0.265 : (4, 33)
	0.039 : (4, 39)
	0.297 : (5, 27)
	0.018 : (5, 30)
	0.032 : (5, 34)
	0.074 : (5, 38)
 311 : 11.016764296012386
	0.011 : (1, 26)
	0.169 : (1, 28)
	0.020 : (1, 35)
	0.169 : (2, 29)
	0.011 : (2, 32)
	0.229 : (4, 30)
	0.085 : (4, 34)
	0.256 : (5, 31)
	0.025 : (5, 33)
	0.015 : (5, 39)
 312 : 11.016765572128907
	0.170 : (1, 29)
	0.011 : (1, 32)
	0.011 : (2, 26)
	0.169 : (2, 28)
	0.020 : (2, 35)
	0.256 : (4, 31)
	0.025 : (4, 33)
	0.015 : (4, 39)
	0.229 : (5, 30)
	0.085 : (5, 34)
 313 : 11.01902996454916
	0.209 : (0, 27)
	0.011 : (0, 30)
	0.022 : (0, 34)
	0.044 : (0, 38)
	0.440 : (3, 26)
	0.062 : (3, 28)
	0.063 : (3, 35)
	0.148 : (3, 37)
 314 : 11.028660565314109
	0.036 : (1, 31)
	0.348 : (1, 33)
	0.056 : (1, 39)
	0.391 : (2, 27)
	0.021 : (2, 30)
	0.047 : (2, 34)
	0.101 : (2, 38)
 315 : 11.028668858020506
	0.391 : (1, 27)
	0.021 : (1, 30)
	0.047 : (1, 34)
	0.101 : (1, 38)
	0.036 : (2, 31)
	0.348 : (2, 33)
	0.056 : (2, 39)
 316 : 11.032228023272625
	0.611 : (0, 26)
	0.086 : (0, 28)
	0.089 : (0, 35)
	0.213 : (0, 37)
 317 : 11.03441328138702
	0.407 : (1, 31)
	0.059 : (1, 33)
	0.017 : (1, 39)
	0.397 : (2, 30)
	0.119 : (2, 34)
 318 : 11.034414998767458
	0.397 : (1, 30)
	0.119 : (1, 34)
	0.407 : (2, 31)
	0.059 : (2, 33)
	0.017 : (2, 39)
 319 : 11.060966219432222
	0.314 : (1, 26)
	0.025 : (1, 28)
	0.035 : (1, 35)
	0.057 : (1, 37)
	0.047 : (2, 29)
	0.244 : (2, 32)
	0.040 : (2, 36)
	0.099 : (4, 27)
	0.012 : (4, 34)
	0.023 : (4, 38)
	0.022 : (5, 31)
	0.073 : (5, 33)
	0.011 : (5, 39)
 320 : 11.0611288690734
	0.013 : (0, 27)
	0.046 : (1, 29)
	0.237 : (1, 32)
	0.039 : (1, 36)
	0.304 : (2, 26)
	0.024 : (2, 28)
	0.034 : (2, 35)
	0.056 : (2, 37)
	0.021 : (4, 31)
	0.071 : (4, 33)
	0.010 : (4, 39)
	0.097 : (5, 27)
	0.012 : (5, 34)
	0.022 : (5, 38)
 321 : 11.066251093149837
	0.466 : (0, 27)
	0.030 : (0, 30)
	0.058 : (0, 34)
	0.072 : (0, 38)
	0.236 : (3, 26)
	0.100 : (3, 37)
 322 : 11.079055426614511
	0.028 : (1, 26)
	0.131 : (1, 28)
	0.136 : (2, 29)
	0.343 : (4, 34)
	0.068 : (4, 38)
	0.140 : (5, 33)
	0.138 : (5, 39)
 323 : 11.079297517804166
	0.135 : (1, 29)
	0.029 : (2, 26)
	0.129 : (2, 28)
	0.141 : (4, 33)
	0.138 : (4, 39)
	0.343 : (5, 34)
	0.069 : (5, 38)
 324 : 11.093183597672903
	0.072 : (0, 26)
	0.215 : (0, 28)
	0.596 : (0, 35)
	0.115 : (0, 37)
 325 : 11.094268043459808
	0.066 : (1, 31)
	0.109 : (1, 33)
	0.213 : (1, 39)
	0.010 : (2, 27)
	0.087 : (2, 30)
	0.396 : (2, 34)
	0.118 : (2, 38)
 326 : 11.094283496749098
	0.011 : (1, 27)
	0.087 : (1, 30)
	0.396 : (1, 34)
	0.118 : (1, 38)
	0.066 : (2, 31)
	0.109 : (2, 33)
	0.213 : (2, 39)
 327 : 11.095847091801915
	0.088 : (1, 28)
	0.150 : (1, 35)
	0.029 : (1, 37)
	0.067 : (2, 29)
	0.094 : (2, 32)
	0.061 : (2, 36)
	0.013 : (4, 27)
	0.211 : (4, 30)
	0.041 : (4, 34)
	0.027 : (4, 38)
	0.168 : (5, 31)
	0.043 : (5, 39)
 328 : 11.095889846806127
	0.069 : (1, 29)
	0.094 : (1, 32)
	0.061 : (1, 36)
	0.090 : (2, 28)
	0.148 : (2, 35)
	0.029 : (2, 37)
	0.169 : (4, 31)
	0.042 : (4, 39)
	0.013 : (5, 27)
	0.211 : (5, 30)
	0.039 : (5, 34)
	0.026 : (5, 38)
 329 : 11.098027893597147
	0.089 : (0, 27)
	0.048 : (0, 30)
	0.073 : (0, 34)
	0.078 : (0, 38)
	0.010 : (3, 26)
	0.191 : (3, 28)
	0.463 : (3, 35)
	0.045 : (3, 37)
 330 : 11.09868745105345
	0.046 : (4, 26)
	0.020 : (4, 28)
	0.420 : (4, 35)
	0.122 : (4, 37)
	0.044 : (5, 29)
	0.133 : (5, 32)
	0.216 : (5, 36)
 331 : 11.09869001437128
	0.044 : (4, 29)
	0.133 : (4, 32)
	0.216 : (4, 36)
	0.046 : (5, 26)
	0.020 : (5, 28)
	0.419 : (5, 35)
	0.122 : (5, 37)
 332 : 11.101003419938637
	0.029 : (0, 31)
	0.045 : (0, 39)
	0.351 : (3, 29)
	0.107 : (3, 32)
	0.457 : (3, 36)
 333 : 11.105307243569436
	0.373 : (0, 29)
	0.114 : (0, 32)
	0.513 : (0, 36)
 334 : 11.11550664256817
	0.037 : (3, 27)
	0.318 : (3, 30)
	0.487 : (3, 34)
	0.158 : (3, 38)
 335 : 11.135282411555833
	0.385 : (3, 31)
	0.106 : (3, 33)
	0.508 : (3, 39)
 336 : 11.139817228419382
	0.352 : (4, 23)
	0.648 : (5, 25)
 337 : 11.13982170024218
	0.648 : (4, 25)
	0.352 : (5, 23)
 338 : 11.16555613441784
	0.356 : (1, 23)
	0.643 : (2, 25)
 339 : 11.165574526668982
	0.644 : (1, 25)
	0.356 : (2, 23)
 340 : 11.170051835141374
	0.057 : (1, 26)
	0.049 : (1, 28)
	0.298 : (1, 35)
	0.087 : (1, 37)
	0.079 : (2, 29)
	0.081 : (2, 32)
	0.150 : (2, 36)
	0.047 : (4, 30)
	0.053 : (4, 34)
	0.017 : (4, 38)
	0.036 : (5, 31)
	0.030 : (5, 39)
 341 : 11.170310349441724
	0.078 : (1, 29)
	0.082 : (1, 32)
	0.150 : (1, 36)
	0.057 : (2, 26)
	0.049 : (2, 28)
	0.300 : (2, 35)
	0.087 : (2, 37)
	0.036 : (4, 31)
	0.030 : (4, 39)
	0.047 : (5, 30)
	0.054 : (5, 34)
	0.017 : (5, 38)
 342 : 11.186520837608779
	0.372 : (0, 31)
	0.102 : (0, 33)
	0.441 : (0, 39)
	0.038 : (3, 29)
	0.011 : (3, 32)
	0.034 : (3, 36)
 343 : 11.198363077610926
	0.282 : (0, 30)
	0.408 : (0, 34)
	0.083 : (0, 38)
	0.065 : (3, 28)
	0.134 : (3, 35)
	0.012 : (3, 37)
 344 : 11.411212879371037
	0.057 : (4, 31)
	0.131 : (4, 33)
	0.012 : (4, 39)
	0.546 : (5, 27)
	0.093 : (5, 30)
	0.100 : (5, 34)
	0.060 : (5, 38)
 345 : 11.411217381492648
	0.546 : (4, 27)
	0.093 : (4, 30)
	0.100 : (4, 34)
	0.060 : (4, 38)
	0.057 : (5, 31)
	0.131 : (5, 33)
	0.012 : (5, 39)
 346 : 11.421950822052892
	0.062 : (4, 29)
	0.141 : (4, 32)
	0.016 : (4, 36)
	0.352 : (5, 26)
	0.219 : (5, 28)
	0.166 : (5, 35)
	0.045 : (5, 37)
 347 : 11.421962384650223
	0.352 : (4, 26)
	0.219 : (4, 28)
	0.166 : (4, 35)
	0.045 : (4, 37)
	0.062 : (5, 29)
	0.141 : (5, 32)
	0.016 : (5, 36)
 348 : 11.436126730062556
	0.054 : (1, 31)
	0.126 : (1, 33)
	0.012 : (1, 39)
	0.560 : (2, 27)
	0.090 : (2, 30)
	0.099 : (2, 34)
	0.060 : (2, 38)
 349 : 11.436165869572841
	0.560 : (1, 27)
	0.090 : (1, 30)
	0.099 : (1, 34)
	0.060 : (1, 38)
	0.054 : (2, 31)
	0.126 : (2, 33)
	0.012 : (2, 39)
 350 : 11.443598188404923
	0.679 : (3, 28)
	0.310 : (3, 35)
 351 : 11.448979434878709
	0.068 : (1, 29)
	0.143 : (1, 32)
	0.016 : (1, 36)
	0.334 : (2, 26)
	0.227 : (2, 28)
	0.168 : (2, 35)
	0.043 : (2, 37)
 352 : 11.44900820299607
	0.335 : (1, 26)
	0.227 : (1, 28)
	0.169 : (1, 35)
	0.042 : (1, 37)
	0.068 : (2, 29)
	0.143 : (2, 32)
	0.016 : (2, 36)
 353 : 11.464442499209177
	0.696 : (0, 28)
	0.294 : (0, 35)
 354 : 11.469398435527292
	0.269 : (3, 29)
	0.728 : (3, 32)
 355 : 11.470910196111692
	0.115 : (4, 26)
	0.291 : (4, 28)
	0.015 : (4, 35)
	0.058 : (4, 37)
	0.424 : (5, 29)
	0.051 : (5, 32)
	0.046 : (5, 36)
 356 : 11.470912982368661
	0.424 : (4, 29)
	0.051 : (4, 32)
	0.046 : (4, 36)
	0.115 : (5, 26)
	0.291 : (5, 28)
	0.015 : (5, 35)
	0.058 : (5, 37)
 357 : 11.475484713986038
	0.572 : (3, 30)
	0.413 : (3, 34)
 358 : 11.49094724145717
	0.276 : (0, 29)
	0.721 : (0, 32)
 359 : 11.49745922174717
	0.564 : (0, 30)
	0.421 : (0, 34)
 360 : 11.497692402313156
	0.117 : (1, 26)
	0.282 : (1, 28)
	0.018 : (1, 35)
	0.059 : (1, 37)
	0.418 : (2, 29)
	0.057 : (2, 32)
	0.047 : (2, 36)
 361 : 11.49770072965132
	0.418 : (1, 29)
	0.057 : (1, 32)
	0.047 : (1, 36)
	0.117 : (2, 26)
	0.282 : (2, 28)
	0.018 : (2, 35)
	0.059 : (2, 37)
 362 : 11.498474038616056
	0.142 : (3, 31)
	0.849 : (3, 33)
 363 : 11.51270832378817
	0.285 : (3, 26)
	0.018 : (3, 35)
	0.678 : (3, 37)
 364 : 11.514884732012405
	0.322 : (3, 29)
	0.145 : (3, 32)
	0.475 : (3, 36)
	0.018 : (4, 30)
	0.020 : (5, 31)
 365 : 11.514975732912976
	0.017 : (3, 29)
	0.025 : (3, 36)
	0.022 : (4, 27)
	0.346 : (4, 30)
	0.023 : (4, 34)
	0.063 : (4, 38)
	0.391 : (5, 31)
	0.057 : (5, 33)
	0.047 : (5, 39)
 366 : 11.514977952139754
	0.412 : (4, 31)
	0.060 : (4, 33)
	0.049 : (4, 39)
	0.023 : (5, 27)
	0.364 : (5, 30)
	0.024 : (5, 34)
	0.066 : (5, 38)
 367 : 11.520110590271987
	0.149 : (0, 31)
	0.841 : (0, 33)
 368 : 11.52403985472328
	0.224 : (3, 27)
	0.068 : (3, 30)
	0.017 : (3, 34)
	0.690 : (3, 38)
 369 : 11.530074508433888
	0.306 : (0, 26)
	0.020 : (0, 35)
	0.671 : (0, 37)
 370 : 11.531480335221485
	0.472 : (3, 31)
	0.045 : (3, 33)
	0.483 : (3, 39)
 371 : 11.533832870987059
	0.351 : (0, 29)
	0.165 : (0, 32)
	0.485 : (0, 36)
 372 : 11.540421031559328
	0.023 : (1, 27)
	0.369 : (1, 30)
	0.022 : (1, 34)
	0.066 : (1, 38)
	0.415 : (2, 31)
	0.055 : (2, 33)
	0.049 : (2, 39)
 373 : 11.540424211270475
	0.415 : (1, 31)
	0.055 : (1, 33)
	0.049 : (1, 39)
	0.023 : (2, 27)
	0.369 : (2, 30)
	0.022 : (2, 34)
	0.066 : (2, 38)
 374 : 11.550974976805012
	0.205 : (0, 27)
	0.059 : (0, 30)
	0.016 : (0, 34)
	0.704 : (0, 38)
	0.014 : (3, 37)
 375 : 11.555990808856212
	0.447 : (0, 31)
	0.044 : (0, 33)
	0.504 : (0, 39)
 376 : 11.625220357998366
	0.027 : (4, 28)
	0.158 : (4, 35)
	0.260 : (4, 37)
	0.123 : (5, 32)
	0.426 : (5, 36)
 377 : 11.625223054869323
	0.123 : (4, 32)
	0.426 : (4, 36)
	0.027 : (5, 28)
	0.158 : (5, 35)
	0.260 : (5, 37)
 378 : 11.636076295491929
	0.016 : (4, 30)
	0.178 : (4, 34)
	0.242 : (4, 38)
	0.140 : (5, 33)
	0.414 : (5, 39)
 379 : 11.636083312700217
	0.140 : (4, 33)
	0.414 : (4, 39)
	0.016 : (5, 30)
	0.178 : (5, 34)
	0.242 : (5, 38)
 380 : 11.65239081790791
	0.026 : (1, 28)
	0.152 : (1, 35)
	0.264 : (1, 37)
	0.118 : (2, 32)
	0.430 : (2, 36)
 381 : 11.652404580020871
	0.118 : (1, 32)
	0.430 : (1, 36)
	0.026 : (2, 28)
	0.152 : (2, 35)
	0.264 : (2, 37)
 382 : 11.659333684162064
	0.152 : (4, 32)
	0.231 : (4, 36)
	0.022 : (5, 26)
	0.154 : (5, 35)
	0.431 : (5, 37)
 383 : 11.659337560613343
	0.022 : (4, 26)
	0.154 : (4, 35)
	0.431 : (4, 37)
	0.152 : (5, 32)
	0.231 : (5, 36)
 384 : 11.661206246235384
	0.016 : (1, 30)
	0.185 : (1, 34)
	0.237 : (1, 38)
	0.143 : (2, 33)
	0.413 : (2, 39)
 385 : 11.661214367877289
	0.144 : (1, 33)
	0.412 : (1, 39)
	0.016 : (2, 30)
	0.185 : (2, 34)
	0.237 : (2, 38)
 386 : 11.671938747690833
	0.013 : (4, 27)
	0.018 : (4, 30)
	0.129 : (4, 34)
	0.417 : (4, 38)
	0.016 : (5, 31)
	0.155 : (5, 33)
	0.245 : (5, 39)
 387 : 11.671941419123812
	0.016 : (4, 31)
	0.155 : (4, 33)
	0.245 : (4, 39)
	0.013 : (5, 27)
	0.018 : (5, 30)
	0.129 : (5, 34)
	0.417 : (5, 38)
 388 : 11.686673089312936
	0.148 : (1, 32)
	0.235 : (1, 36)
	0.021 : (2, 26)
	0.149 : (2, 35)
	0.433 : (2, 37)
 389 : 11.686677854403564
	0.021 : (1, 26)
	0.149 : (1, 35)
	0.433 : (1, 37)
	0.148 : (2, 32)
	0.235 : (2, 36)
 390 : 11.696920979184105
	0.018 : (1, 31)
	0.160 : (1, 33)
	0.240 : (1, 39)
	0.014 : (2, 27)
	0.019 : (2, 30)
	0.132 : (2, 34)
	0.417 : (2, 38)
 391 : 11.696930903440201
	0.014 : (1, 27)
	0.019 : (1, 30)
	0.132 : (1, 34)
	0.418 : (1, 38)
	0.018 : (2, 31)
	0.160 : (2, 33)
	0.239 : (2, 39)
