scf energy for rhf: -74.94207991976515
 1 : 0.2872554452656565
	0.500 : (8, 10)
	0.500 : (9, 11)
 2 : 0.2872554452656566
	0.100 : (8, 11)
	0.900 : (9, 10)
 3 : 0.28725544526565666
	0.900 : (8, 11)
	0.100 : (9, 10)
 4 : 0.3444249124232146
	0.085 : (4, 13)
	0.017 : (5, 12)
	0.742 : (6, 11)
	0.146 : (7, 10)
 5 : 0.3444249124232152
	0.017 : (4, 13)
	0.085 : (5, 12)
	0.146 : (6, 11)
	0.742 : (7, 10)
 6 : 0.3444249124232165
	0.051 : (4, 12)
	0.051 : (5, 13)
	0.444 : (6, 10)
	0.444 : (7, 11)
 7 : 0.356461700472997
	0.500 : (8, 10)
	0.500 : (9, 11)
 8 : 0.3659889280137186
	0.990 : (8, 13)
	0.010 : (9, 12)
 9 : 0.36598892801371863
	0.500 : (8, 12)
	0.500 : (9, 13)
 10 : 0.3659889280137188
	0.010 : (8, 13)
	0.990 : (9, 12)
 11 : 0.3945137104183746
	0.405 : (4, 11)
	0.589 : (6, 13)
 12 : 0.39451371041837596
	0.203 : (4, 10)
	0.203 : (5, 11)
	0.295 : (6, 12)
	0.295 : (7, 13)
 13 : 0.3945137104183768
	0.405 : (5, 10)
	0.589 : (7, 12)
 14 : 0.4160716702746362
	0.500 : (8, 12)
	0.500 : (9, 13)
 15 : 0.5056282298871225
	0.059 : (4, 12)
	0.059 : (5, 13)
	0.439 : (6, 10)
	0.439 : (7, 11)
 16 : 0.5142899282322999
	0.012 : (2, 13)
	0.527 : (4, 11)
	0.033 : (5, 10)
	0.371 : (6, 13)
	0.023 : (7, 12)
 17 : 0.514289928232301
	0.276 : (4, 10)
	0.024 : (4, 11)
	0.276 : (5, 11)
	0.194 : (6, 12)
	0.017 : (6, 13)
	0.194 : (7, 13)
 18 : 0.5142899282323027
	0.012 : (3, 12)
	0.028 : (4, 11)
	0.543 : (5, 10)
	0.020 : (6, 13)
	0.382 : (7, 12)
 19 : 0.5551918055321183
	0.153 : (4, 10)
	0.153 : (5, 11)
	0.347 : (6, 12)
	0.347 : (7, 13)
 20 : 0.563055671805802
	0.015 : (2, 11)
	0.868 : (4, 13)
	0.108 : (6, 11)
 21 : 0.5630556718058035
	0.438 : (4, 12)
	0.438 : (5, 13)
	0.054 : (6, 10)
	0.054 : (7, 11)
 22 : 0.5630556718058036
	0.015 : (3, 10)
	0.868 : (5, 12)
	0.108 : (7, 10)
 23 : 0.6553183737656086
	0.347 : (4, 10)
	0.347 : (5, 11)
	0.152 : (6, 12)
	0.152 : (7, 13)
 24 : 0.9101216188980705
	0.018 : (2, 10)
	0.018 : (3, 11)
	0.428 : (4, 12)
	0.428 : (5, 13)
	0.054 : (6, 10)
	0.054 : (7, 11)
 25 : 1.1087708867973638
	0.047 : (2, 11)
	0.928 : (3, 10)
	0.021 : (5, 12)
 26 : 1.1087708867973645
	0.488 : (2, 10)
	0.488 : (3, 11)
	0.011 : (4, 12)
	0.011 : (5, 13)
 27 : 1.1087708867973678
	0.928 : (2, 11)
	0.047 : (3, 10)
	0.021 : (4, 13)
 28 : 1.2000960356538959
	0.533 : (2, 13)
	0.449 : (3, 12)
 29 : 1.2000960356538968
	0.491 : (2, 12)
	0.491 : (3, 13)
 30 : 1.2000960356538986
	0.451 : (2, 13)
	0.533 : (3, 12)
 31 : 1.3007851150145333
	0.480 : (2, 10)
	0.480 : (3, 11)
	0.012 : (4, 12)
	0.012 : (5, 13)
 32 : 1.325761971574149
	0.499 : (2, 12)
	0.499 : (3, 13)
 33 : 19.958526368988
	0.493 : (0, 10)
	0.011 : (0, 11)
	0.493 : (1, 11)
 34 : 19.958526368988004
	0.021 : (0, 11)
	0.974 : (1, 10)
 35 : 19.958526368988018
	0.968 : (0, 11)
	0.023 : (1, 10)
 36 : 20.010979371924645
	0.500 : (0, 10)
	0.500 : (1, 11)
 37 : 20.01134205052571
	0.768 : (0, 13)
	0.231 : (1, 12)
 38 : 20.01134205052575
	0.227 : (0, 12)
	0.135 : (0, 13)
	0.412 : (1, 12)
	0.227 : (1, 13)
 39 : 20.011342050525766
	0.273 : (0, 12)
	0.097 : (0, 13)
	0.357 : (1, 12)
	0.273 : (1, 13)
 40 : 20.050531902287755
	0.500 : (0, 12)
	0.500 : (1, 13)
