scf energy for rhf: -74.94207998924435
 1 : 0.2872554562265365
	0.500 : (8, 10)
	0.500 : (9, 11)
 2 : 0.28725545622653753
	0.013 : (8, 11)
	0.987 : (9, 10)
 3 : 0.28725545622653775
	0.987 : (8, 11)
	0.013 : (9, 10)
 4 : 0.34442488669874965
	0.051 : (4, 12)
	0.051 : (5, 13)
	0.444 : (6, 10)
	0.444 : (7, 11)
 5 : 0.34442488669875027
	0.100 : (5, 12)
	0.014 : (6, 11)
	0.875 : (7, 10)
 6 : 0.34442488669875115
	0.100 : (4, 13)
	0.875 : (6, 11)
	0.014 : (7, 10)
 7 : 0.356461712173464
	0.500 : (8, 10)
	0.500 : (9, 11)
 8 : 0.36598893077621675
	0.500 : (8, 12)
	0.500 : (9, 13)
 9 : 0.3659889307762171
	0.550 : (8, 13)
	0.450 : (9, 12)
 10 : 0.3659889307762172
	0.450 : (8, 13)
	0.550 : (9, 12)
 11 : 0.39451369406960113
	0.042 : (4, 11)
	0.364 : (5, 10)
	0.061 : (6, 13)
	0.530 : (7, 12)
 12 : 0.39451369406960174
	0.182 : (4, 10)
	0.041 : (4, 11)
	0.182 : (5, 11)
	0.264 : (6, 12)
	0.059 : (6, 13)
	0.264 : (7, 13)
 13 : 0.3945136940696019
	0.021 : (4, 10)
	0.324 : (4, 11)
	0.040 : (5, 10)
	0.021 : (5, 11)
	0.031 : (6, 12)
	0.471 : (6, 13)
	0.058 : (7, 12)
	0.031 : (7, 13)
 14 : 0.4160716661616034
	0.500 : (8, 12)
	0.500 : (9, 13)
 15 : 0.5056282286770294
	0.059 : (4, 12)
	0.059 : (5, 13)
	0.439 : (6, 10)
	0.439 : (7, 11)
 16 : 0.5142899425828337
	0.199 : (4, 10)
	0.039 : (4, 11)
	0.142 : (5, 10)
	0.199 : (5, 11)
	0.140 : (6, 12)
	0.028 : (6, 13)
	0.100 : (7, 12)
	0.140 : (7, 13)
 17 : 0.5142899425828362
	0.074 : (4, 10)
	0.430 : (5, 10)
	0.074 : (5, 11)
	0.052 : (6, 12)
	0.303 : (7, 12)
	0.052 : (7, 13)
 18 : 0.5142899425828367
	0.012 : (2, 13)
	0.016 : (4, 10)
	0.539 : (4, 11)
	0.016 : (5, 11)
	0.011 : (6, 12)
	0.380 : (6, 13)
	0.011 : (7, 13)
 19 : 0.5551917928811739
	0.153 : (4, 10)
	0.153 : (5, 11)
	0.347 : (6, 12)
	0.347 : (7, 13)
 20 : 0.5630556615150639
	0.500 : (4, 13)
	0.376 : (5, 12)
	0.062 : (6, 11)
	0.047 : (7, 10)
 21 : 0.5630556615150646
	0.376 : (4, 13)
	0.500 : (5, 12)
	0.047 : (6, 11)
	0.062 : (7, 10)
 22 : 0.5630556615150657
	0.438 : (4, 12)
	0.438 : (5, 13)
	0.054 : (6, 10)
	0.054 : (7, 11)
 23 : 0.6553183778601579
	0.347 : (4, 10)
	0.347 : (5, 11)
	0.152 : (6, 12)
	0.152 : (7, 13)
 24 : 0.9101216301477397
	0.018 : (2, 10)
	0.018 : (3, 11)
	0.428 : (4, 12)
	0.428 : (5, 13)
	0.054 : (6, 10)
	0.054 : (7, 11)
 25 : 1.1087708991988707
	0.488 : (2, 10)
	0.488 : (3, 11)
	0.011 : (4, 12)
	0.011 : (5, 13)
 26 : 1.1087708991988727
	0.970 : (3, 10)
	0.022 : (5, 12)
 27 : 1.1087708991988747
	0.970 : (2, 11)
	0.022 : (4, 13)
 28 : 1.200096030159402
	0.921 : (2, 13)
	0.054 : (3, 12)
	0.014 : (4, 11)
 29 : 1.2000960301594028
	0.484 : (2, 12)
	0.010 : (3, 12)
	0.484 : (3, 13)
 30 : 1.2000960301594057
	0.058 : (2, 13)
	0.920 : (3, 12)
	0.014 : (5, 10)
 31 : 1.3007851354344317
	0.480 : (2, 10)
	0.480 : (3, 11)
	0.012 : (4, 12)
	0.012 : (5, 13)
 32 : 1.3257619534128529
	0.499 : (2, 12)
	0.499 : (3, 13)
 33 : 19.95852635857624
	0.998 : (1, 10)
 34 : 19.95852635857626
	0.491 : (0, 10)
	0.018 : (0, 11)
	0.491 : (1, 11)
 35 : 19.95852635857628
	0.980 : (0, 11)
 36 : 20.01097936180063
	0.500 : (0, 10)
	0.500 : (1, 11)
 37 : 20.011342081945827
	0.033 : (0, 13)
	0.967 : (1, 12)
 38 : 20.011342081945873
	0.500 : (0, 12)
	0.500 : (1, 13)
 39 : 20.011342081945905
	0.966 : (0, 13)
	0.033 : (1, 12)
 40 : 20.050531929525462
	0.500 : (0, 12)
	0.500 : (1, 13)
