 1 : -0.003406320269213998
	0.960 : (2, 5)
	0.028 : (2, 11)
 2 : -0.0016993115199798495
	0.973 : (2, 4)
	0.017 : (2, 10)
 3 : 0.0041942648129354165
	0.978 : (2, 3)
	0.012 : (2, 9)
 4 : 0.31745544243830304
	0.936 : (1, 3)
	0.064 : (1, 9)
 5 : 0.32657448009272844
	0.986 : (2, 7)
 6 : 0.3269599658491412
	0.990 : (2, 6)
 7 : 0.37229752842525604
	0.307 : (0, 3)
	0.027 : (0, 9)
	0.607 : (1, 4)
	0.035 : (1, 10)
	0.011 : (2, 9)
 8 : 0.4345454355589429
	0.887 : (0, 4)
	0.065 : (0, 10)
	0.012 : (2, 4)
	0.031 : (2, 10)
 9 : 0.48716212245418616
	0.801 : (0, 5)
	0.071 : (0, 11)
	0.019 : (2, 5)
	0.097 : (2, 11)
 10 : 0.48836546971377826
	0.014 : (0, 8)
	0.867 : (1, 5)
	0.027 : (1, 11)
	0.083 : (2, 8)
 11 : 0.5611277692283265
	0.630 : (0, 3)
	0.284 : (1, 4)
	0.080 : (2, 9)
 12 : 0.5794431483280056
	0.087 : (1, 5)
	0.067 : (1, 7)
	0.834 : (2, 8)
 13 : 0.5859084915278364
	0.116 : (0, 5)
	0.053 : (0, 7)
	0.016 : (2, 5)
	0.807 : (2, 11)
 14 : 0.5962321723441107
	0.042 : (0, 4)
	0.014 : (2, 4)
	0.940 : (2, 10)
 15 : 0.6026437136061994
	0.025 : (0, 3)
	0.071 : (1, 4)
	0.888 : (2, 9)
 16 : 0.6768539353449222
	0.994 : (1, 6)
 17 : 0.743432410336727
	0.324 : (0, 6)
	0.603 : (1, 7)
	0.064 : (2, 8)
 18 : 0.8115248757790974
	0.938 : (0, 7)
	0.049 : (2, 11)
 19 : 0.8724783763576557
	0.991 : (2, 13)
 20 : 0.8746018304014727
	0.667 : (0, 6)
	0.320 : (1, 7)
 21 : 0.8753417022119352
	0.995 : (2, 12)
 22 : 0.9077696158377965
	0.996 : (1, 8)
 23 : 0.926864366096226
	0.064 : (1, 3)
	0.933 : (1, 9)
 24 : 0.9719278323710963
	0.034 : (0, 3)
	0.224 : (0, 9)
	0.027 : (1, 4)
	0.697 : (1, 10)
 25 : 0.9973026644713571
	0.452 : (0, 8)
	0.039 : (1, 5)
	0.490 : (1, 11)
 26 : 1.0349320508772737
	0.063 : (0, 4)
	0.915 : (0, 10)
	0.011 : (2, 17)
 27 : 1.0824358663990805
	0.070 : (0, 5)
	0.891 : (0, 11)
	0.013 : (2, 16)
 28 : 1.1217640322468585
	0.741 : (0, 9)
	0.241 : (1, 10)
	0.015 : (2, 15)
 29 : 1.1260438844824978
	0.525 : (0, 8)
	0.451 : (1, 11)
	0.020 : (2, 14)
 30 : 1.1527246218247063
	1.000 : (1, 12)
 31 : 1.1948936132554422
	0.332 : (0, 12)
	0.643 : (1, 13)
	0.025 : (2, 21)
 32 : 1.2457405902804657
	0.942 : (0, 13)
	0.057 : (2, 23)
 33 : 1.3226249192203174
	0.014 : (0, 10)
	0.971 : (2, 17)
 34 : 1.3244360201739425
	0.020 : (1, 10)
	0.965 : (2, 15)
 35 : 1.3265641124366736
	0.019 : (0, 11)
	0.013 : (0, 16)
	0.955 : (2, 16)
 36 : 1.3337237222009513
	0.022 : (1, 11)
	0.957 : (2, 14)
 37 : 1.4140053423612011
	0.666 : (0, 12)
	0.332 : (1, 13)
 38 : 1.519717978733613
	0.041 : (0, 16)
	0.938 : (2, 19)
 39 : 1.520070306762456
	0.029 : (0, 14)
	0.017 : (1, 16)
	0.944 : (2, 18)
 40 : 1.588567790796039
	0.998 : (1, 14)
 41 : 1.6097937028547615
	1.000 : (1, 15)
 42 : 1.6221065837262016
	0.024 : (0, 22)
	0.976 : (2, 22)
 43 : 1.6286657549056336
	0.024 : (1, 13)
	0.962 : (2, 21)
 44 : 1.629040900761629
	0.011 : (0, 20)
	0.983 : (2, 20)
 45 : 1.6396593034008917
	0.058 : (0, 13)
	0.016 : (0, 23)
	0.923 : (2, 23)
 46 : 1.668315153683937
	0.296 : (0, 14)
	0.650 : (1, 16)
	0.043 : (2, 18)
 47 : 1.6744616916043134
	0.400 : (0, 15)
	0.580 : (1, 17)
	0.014 : (2, 24)
 48 : 1.7384851777004944
	0.951 : (0, 17)
	0.037 : (2, 25)
 49 : 1.7516747746225332
	0.943 : (0, 16)
	0.017 : (2, 16)
	0.037 : (2, 19)
 50 : 1.7901190972023282
	0.658 : (0, 14)
	0.316 : (1, 16)
	0.013 : (1, 19)
 51 : 1.8035703296792154
	0.994 : (1, 18)
 52 : 1.8040893473731963
	0.586 : (0, 15)
	0.412 : (1, 17)
 53 : 1.87303695800404
	0.013 : (0, 14)
	0.344 : (0, 18)
	0.623 : (1, 19)
 54 : 1.9154392007840264
	1.000 : (1, 20)
 55 : 1.937072010563478
	1.000 : (1, 21)
 56 : 1.9406556146434404
	0.977 : (0, 19)
	0.012 : (2, 29)
 57 : 1.9587457203256602
	0.140 : (0, 20)
	0.847 : (1, 22)
	0.012 : (2, 20)
 58 : 2.0103799825453947
	0.640 : (0, 18)
	0.358 : (1, 19)
 59 : 2.0140620473082333
	0.380 : (0, 21)
	0.609 : (1, 23)
 60 : 2.0363332644822956
	0.976 : (0, 22)
	0.024 : (2, 22)
 61 : 2.08153514698571
	0.849 : (0, 20)
	0.147 : (1, 22)
 62 : 2.0924493797572037
	0.977 : (0, 23)
	0.018 : (2, 23)
 63 : 2.0969647270464034
	0.610 : (0, 21)
	0.388 : (1, 23)
 64 : 2.1794756942399385
	0.011 : (0, 15)
	0.982 : (2, 24)
 65 : 2.1885465003402347
	0.039 : (0, 17)
	0.956 : (2, 25)
 66 : 2.4977467867637877
	0.999 : (1, 24)
 67 : 2.542503030165506
	0.214 : (0, 24)
	0.609 : (1, 25)
	0.172 : (2, 26)
 68 : 2.563939456855926
	0.312 : (0, 25)
	0.010 : (0, 27)
	0.673 : (2, 27)
 69 : 2.5906689054685845
	0.987 : (2, 28)
 70 : 2.594705126697001
	0.073 : (0, 24)
	0.330 : (1, 25)
	0.590 : (2, 26)
 71 : 2.5958077336723013
	0.012 : (0, 19)
	0.011 : (0, 29)
	0.974 : (2, 29)
 72 : 2.6438943010703104
	0.710 : (0, 24)
	0.060 : (1, 25)
	0.224 : (2, 26)
 73 : 2.657003882217104
	0.683 : (0, 25)
	0.308 : (2, 27)
 74 : 2.8730773067076183
	0.997 : (1, 26)
 75 : 2.9087891436104414
	0.998 : (1, 28)
 76 : 2.9197121505435035
	0.151 : (0, 26)
	0.837 : (1, 27)
 77 : 2.972297470435251
	0.290 : (0, 28)
	0.701 : (1, 29)
 78 : 2.9965843850427714
	0.978 : (0, 27)
	0.016 : (2, 27)
 79 : 3.0387575670927442
	0.837 : (0, 26)
	0.157 : (1, 27)
 80 : 3.043659410363439
	0.983 : (0, 29)
	0.012 : (2, 29)
 81 : 3.0640658936563923
	0.700 : (0, 28)
	0.296 : (1, 29)
