scf energy for uhf: -1.506274320299386
 1 : -0.0016733096954918917
	0.970 : (2, 4)
	0.019 : (2, 10)
 2 : 0.009292420431807856
	0.957 : (2, 5)
	0.029 : (2, 11)
 3 : 0.018669168095558623
	0.985 : (2, 3)
	0.011 : (2, 9)
 4 : 0.3224249138331919
	0.931 : (1, 3)
	0.067 : (1, 9)
 5 : 0.3322396432325823
	0.980 : (2, 7)
	0.011 : (2, 10)
 6 : 0.33441390447686475
	0.990 : (2, 6)
 7 : 0.3751681679794112
	0.295 : (0, 3)
	0.026 : (0, 9)
	0.621 : (1, 4)
	0.036 : (1, 10)
	0.018 : (2, 8)
 8 : 0.4304602143499478
	0.868 : (0, 4)
	0.065 : (0, 10)
	0.020 : (2, 5)
	0.041 : (2, 11)
 9 : 0.49243913767909153
	0.829 : (0, 5)
	0.073 : (0, 11)
	0.016 : (2, 4)
	0.075 : (2, 10)
 10 : 0.5031159666076455
	0.015 : (0, 8)
	0.912 : (1, 5)
	0.027 : (1, 11)
	0.037 : (2, 9)
 11 : 0.553773441928714
	0.496 : (0, 3)
	0.159 : (1, 4)
	0.032 : (1, 7)
	0.306 : (2, 8)
 12 : 0.5885975346649512
	0.169 : (0, 3)
	0.189 : (1, 4)
	0.034 : (1, 7)
	0.601 : (2, 8)
 13 : 0.591457727027653
	0.059 : (0, 4)
	0.059 : (0, 7)
	0.018 : (2, 5)
	0.860 : (2, 11)
 14 : 0.601894506144742
	0.088 : (0, 5)
	0.012 : (2, 4)
	0.013 : (2, 7)
	0.884 : (2, 10)
 15 : 0.615141710706759
	0.042 : (1, 5)
	0.941 : (2, 9)
 16 : 0.6827874068536592
	0.990 : (1, 6)
 17 : 0.7448522833555283
	0.323 : (0, 6)
	0.606 : (1, 7)
	0.059 : (2, 8)
 18 : 0.8096402677433757
	0.935 : (0, 7)
	0.054 : (2, 11)
 19 : 0.873427162666103
	0.664 : (0, 6)
	0.317 : (1, 7)
 20 : 0.8780809501811812
	0.990 : (2, 13)
 21 : 0.8822786547794685
	0.995 : (2, 12)
 22 : 0.9128694490855387
	0.997 : (1, 8)
 23 : 0.9330929073090869
	0.067 : (1, 3)
	0.926 : (1, 9)
 24 : 0.9764163834167653
	0.032 : (0, 3)
	0.217 : (0, 9)
	0.027 : (1, 4)
	0.695 : (1, 10)
 25 : 0.9992205654024802
	0.518 : (0, 8)
	0.038 : (1, 5)
	0.427 : (1, 11)
 26 : 1.0340313184022862
	0.061 : (0, 4)
	0.916 : (0, 10)
	0.012 : (2, 11)
 27 : 1.0815823910340723
	0.071 : (0, 5)
	0.887 : (0, 11)
	0.015 : (2, 17)
	0.011 : (2, 19)
 28 : 1.1253354289796067
	0.747 : (0, 9)
	0.239 : (1, 10)
 29 : 1.1267078632371148
	0.458 : (0, 8)
	0.510 : (1, 11)
	0.027 : (2, 15)
 30 : 1.1584338295144117
	0.999 : (1, 12)
 31 : 1.197316253900247
	0.339 : (0, 12)
	0.637 : (1, 13)
	0.025 : (2, 20)
 32 : 1.2442749864519316
	0.942 : (0, 13)
	0.057 : (2, 23)
 33 : 1.327048502417828
	0.029 : (1, 11)
	0.954 : (2, 15)
 34 : 1.3309140192398632
	0.012 : (0, 10)
	0.011 : (0, 17)
	0.966 : (2, 16)
 35 : 1.3310826355815208
	0.021 : (0, 11)
	0.952 : (2, 17)
	0.010 : (2, 19)
 36 : 1.3434435285319193
	0.015 : (1, 10)
	0.968 : (2, 14)
 37 : 1.4147469039997103
	0.658 : (0, 12)
	0.340 : (1, 13)
 38 : 1.5242981064228476
	0.046 : (0, 16)
	0.928 : (2, 19)
 39 : 1.5273703469509476
	0.031 : (0, 14)
	0.018 : (1, 16)
	0.942 : (2, 18)
 40 : 1.5909750753813023
	0.999 : (1, 14)
 41 : 1.6173154172502215
	0.997 : (1, 15)
 42 : 1.629156116112386
	0.022 : (1, 13)
	0.959 : (2, 20)
 43 : 1.629566585746461
	0.018 : (0, 23)
	0.977 : (2, 22)
 44 : 1.6415525075110662
	0.986 : (2, 21)
 45 : 1.6445967134397126
	0.058 : (0, 13)
	0.025 : (0, 22)
	0.916 : (2, 23)
 46 : 1.6709825460375103
	0.297 : (0, 14)
	0.650 : (1, 16)
	0.045 : (2, 18)
 47 : 1.677626187031382
	0.438 : (0, 15)
	0.538 : (1, 17)
	0.013 : (2, 24)
 48 : 1.7380752914916524
	0.944 : (0, 17)
	0.013 : (2, 16)
	0.037 : (2, 25)
 49 : 1.7525138349005829
	0.942 : (0, 16)
	0.013 : (2, 17)
	0.042 : (2, 19)
 50 : 1.7952350095841512
	0.668 : (0, 14)
	0.326 : (1, 16)
 51 : 1.7982858847204464
	0.523 : (0, 15)
	0.017 : (0, 18)
	0.430 : (1, 17)
	0.026 : (1, 19)
 52 : 1.8091723304174356
	0.992 : (1, 18)
 53 : 1.8803167793144064
	0.023 : (0, 15)
	0.356 : (0, 18)
	0.021 : (1, 17)
	0.589 : (1, 19)
 54 : 1.9182073140928093
	0.999 : (1, 21)
 55 : 1.939475726405929
	0.971 : (0, 19)
	0.012 : (2, 29)
 56 : 1.9447551384672022
	1.000 : (1, 20)
 57 : 1.9608879625098499
	0.138 : (0, 21)
	0.851 : (1, 22)
	0.010 : (2, 20)
 58 : 2.0122328491959802
	0.619 : (0, 18)
	0.379 : (1, 19)
 59 : 2.018586852068714
	0.476 : (0, 20)
	0.510 : (1, 23)
	0.012 : (2, 21)
 60 : 2.0381495373439074
	0.973 : (0, 22)
	0.027 : (2, 23)
 61 : 2.0845572326909854
	0.852 : (0, 21)
	0.144 : (1, 22)
 62 : 2.0914489755425243
	0.976 : (0, 23)
	0.019 : (2, 22)
 63 : 2.0980395233271363
	0.512 : (0, 20)
	0.487 : (1, 23)
 64 : 2.186015647339087
	0.011 : (0, 15)
	0.982 : (2, 24)
 65 : 2.1963513657668616
	0.038 : (0, 17)
	0.955 : (2, 25)
 66 : 2.5029336164627223
	0.999 : (1, 24)
 67 : 2.548938579392
	0.249 : (0, 24)
	0.597 : (1, 25)
	0.150 : (2, 26)
 68 : 2.5675172879669206
	0.343 : (0, 25)
	0.644 : (2, 27)
 69 : 2.593160582357672
	0.983 : (2, 28)
 70 : 2.601201958652639
	0.013 : (0, 19)
	0.017 : (0, 27)
	0.968 : (2, 29)
 71 : 2.603046209979734
	0.121 : (0, 24)
	0.350 : (1, 25)
	0.525 : (2, 26)
 72 : 2.6467725493884906
	0.628 : (0, 24)
	0.052 : (1, 25)
	0.314 : (2, 26)
 73 : 2.659676790654827
	0.652 : (0, 25)
	0.340 : (2, 27)
 74 : 2.8760282191048034
	0.997 : (1, 26)
 75 : 2.917634954156688
	0.997 : (1, 28)
 76 : 2.919513194748349
	0.143 : (0, 26)
	0.847 : (1, 27)
 77 : 2.9799407508912927
	0.368 : (0, 28)
	0.620 : (1, 29)
 78 : 2.9966593366057546
	0.977 : (0, 27)
	0.017 : (2, 29)
 79 : 3.041813297944352
	0.846 : (0, 26)
	0.149 : (1, 27)
 80 : 3.0431576260044366
	0.981 : (0, 29)
	0.013 : (2, 27)
 81 : 3.064653285802255
	0.620 : (0, 28)
	0.376 : (1, 29)
